             -0.01479              -0.00280              -0.61112 
             -0.01512              -0.00273              -0.61139 
             -0.01545              -0.00265              -0.61165 
             -0.01578              -0.00257              -0.61191 
             -0.01611              -0.00249              -0.61217 
             -0.01644              -0.00241              -0.61243 
             -0.01677              -0.00232              -0.61269 
             -0.01710              -0.00223              -0.61295 
             -0.01743              -0.00214              -0.61320 
             -0.01776              -0.00204              -0.61346 
             -0.01810              -0.00195              -0.61372 
             -0.01844              -0.00185              -0.61399 
             -0.01878              -0.00175              -0.61425 
             -0.01913              -0.00165              -0.61451 
             -0.01949              -0.00155              -0.61478 
             -0.01985              -0.00144              -0.61505 
             -0.02021              -0.00134              -0.61532 
             -0.02059              -0.00123              -0.61559 
             -0.02097              -0.00113              -0.61587 
             -0.02136              -0.00102              -0.61615 
             -0.02176              -0.00091              -0.61643 
             -0.02217              -0.00080              -0.61671 
             -0.02258              -0.00069              -0.61699 
             -0.02300              -0.00057              -0.61727 
             -0.02342              -0.00046              -0.61755 
             -0.02385              -0.00034              -0.61782 
             -0.02426              -0.00022              -0.61808 
             -0.02465              -0.00010              -0.61831 
             -0.02502               0.00003              -0.61852 
             -0.02534               0.00015              -0.61869 
             -0.02559               0.00028              -0.61880 
             -0.02575               0.00041              -0.61884 
             -0.02577               0.00054              -0.61877 
             -0.02560               0.00066              -0.61856 
             -0.02518               0.00077              -0.61817 
             -0.02444               0.00087              -0.61754 
             -0.02325               0.00095              -0.61660 
             -0.02150               0.00100              -0.61527 
             -0.01900               0.00099              -0.61342 
             -0.01556               0.00090              -0.61093 
             -0.01091               0.00070              -0.60762 
             -0.00477               0.00033              -0.60332 
              0.00321              -0.00025              -0.59778 
              0.01337              -0.00113              -0.59081 
              0.02517              -0.00232              -0.58279 
              0.03985              -0.00400              -0.57289 
              0.05754              -0.00630              -0.56105 
              0.07794              -0.00927              -0.54750 
              0.10011              -0.01291              -0.53288 
              0.12222              -0.01708              -0.51842 
              0.14178              -0.02139              -0.50579 
              0.15586              -0.02533              -0.49688 
              0.16199              -0.02826              -0.49327 
              0.15896              -0.02967              -0.49571 
              0.14730              -0.02931              -0.50376 
              0.12908              -0.02730              -0.51600 
              0.10716              -0.02401              -0.53053 
              0.08436              -0.01997              -0.54552 
              0.06284              -0.01566              -0.55957 
              0.04387              -0.01148              -0.57187 
              0.02800              -0.00768              -0.58211 
              0.01523              -0.00436              -0.59030 
              0.00443              -0.00132              -0.59719 
             -0.00409               0.00127              -0.60259 
             -0.01058               0.00342              -0.60667 
             -0.01540               0.00516              -0.60969 
             -0.01891               0.00656              -0.61186 
             -0.02139               0.00768              -0.61338 
             -0.02310               0.00857              -0.61441 
             -0.02422               0.00928              -0.61508 
             -0.02491               0.00984              -0.61548 
             -0.02530               0.01030              -0.61569 
             -0.02546               0.01068              -0.61577 
             -0.02548               0.01099              -0.61576 
             -0.02539               0.01126              -0.61569 
             -0.02522               0.01150              -0.61557 
             -0.02502               0.01170              -0.61543 
             -0.02478               0.01189              -0.61527 
             -0.02453               0.01206              -0.61510 
             -0.02426               0.01222              -0.61493 
             -0.02399               0.01236              -0.61475 
             -0.02372               0.01249              -0.61456 
             -0.02345               0.01261              -0.61438 
             -0.02319               0.01272              -0.61419 
             -0.02292               0.01282              -0.61401 
             -0.02267               0.01291              -0.61382 
             -0.02241               0.01299              -0.61363 
             -0.02216               0.01306              -0.61344 
             -0.02192               0.01312              -0.61325 
             -0.02169               0.01318              -0.61307 
             -0.02146               0.01323              -0.61288 
             -0.02121               0.01327              -0.61271 
             -0.02092               0.01331              -0.61257 
             -0.02063               0.01335              -0.61244 
             -0.02035               0.01338              -0.61231 
             -0.02007               0.01341              -0.61219 
             -0.01980               0.01345              -0.61207 
             -0.01954               0.01348              -0.61196 
             -0.01928               0.01351              -0.61185 
             -0.01904               0.01355              -0.61174 
             -0.01887               0.01357              -0.61158 
             -0.01873               0.01359              -0.61143 
             -0.01860               0.01361              -0.61128 
             -0.01848               0.01364              -0.61113 
             -0.01839               0.01366              -0.61099 
             -0.01831               0.01370              -0.61085 
             -0.01826               0.01373              -0.61071 
             -0.01822               0.01376              -0.61057 
             -0.01820               0.01380              -0.61044 
             -0.01819               0.01384              -0.61031 
             -0.01821               0.01389              -0.61018 
             -0.01824               0.01394              -0.61006 
             -0.01829               0.01399              -0.60994 
             -0.01836               0.01405              -0.60982 
             -0.01845               0.01411              -0.60970 
             -0.01855               0.01418              -0.60959 
             -0.01867               0.01425              -0.60948 
             -0.01881               0.01433              -0.60937 
             -0.01897               0.01441              -0.60927 
             -0.01915               0.01451              -0.60917 
             -0.01934               0.01461              -0.60907 
             -0.01955               0.01472              -0.60898 
             -0.01977               0.01485              -0.60889 
             -0.02002               0.01498              -0.60880 
             -0.02028               0.01513              -0.60872 
             -0.02056               0.01529              -0.60864 
             -0.02085               0.01546              -0.60856 
             -0.02116               0.01565              -0.60848 
             -0.02149               0.01585              -0.60839 
             -0.02180               0.01608              -0.60832 
             -0.02211               0.01632              -0.60825 
             -0.02244               0.01658              -0.60817 
             -0.02277               0.01684              -0.60808 
             -0.02310               0.01711              -0.60799 
             -0.02344               0.01737              -0.60788 
             -0.02377               0.01764              -0.60775 
             -0.02408               0.01789              -0.60761 
             -0.02437               0.01812              -0.60745 
             -0.02462               0.01833              -0.60727 
             -0.02482               0.01850              -0.60706 
             -0.02496               0.01863              -0.60682 
             -0.02503               0.01869              -0.60656 
             -0.02499               0.01867              -0.60626 
             -0.02483               0.01856              -0.60593 
             -0.02453               0.01834              -0.60556 
             -0.02405               0.01798              -0.60516 
             -0.02337               0.01746              -0.60473 
             -0.02245               0.01676              -0.60426 
             -0.02125               0.01585              -0.60376 
             -0.01973               0.01470              -0.60324 
             -0.01785               0.01329              -0.60270 
             -0.01558               0.01158              -0.60215 
             -0.01287               0.00954              -0.60161 
             -0.00968               0.00716              -0.60108 
             -0.00600               0.00443              -0.60059 
             -0.00181               0.00133              -0.60015 
              0.00288              -0.00211              -0.59979 
              0.00804              -0.00588              -0.59954 
              0.01360              -0.00991              -0.59940 
              0.01905              -0.01383              -0.59943 
              0.02472              -0.01789              -0.59959 
              0.03047              -0.02197              -0.59992 
              0.03610              -0.02593              -0.60040 
              0.04136              -0.02962              -0.60102 
              0.04602              -0.03285              -0.60177 
              0.04982              -0.03546              -0.60259 
              0.05256              -0.03730              -0.60345 
              0.05406              -0.03828              -0.60428 
              0.05425              -0.03833              -0.60502 
              0.05310              -0.03745              -0.60562 
              0.05071              -0.03571              -0.60604 
              0.04721              -0.03321              -0.60624 
              0.04283              -0.03010              -0.60621 
              0.03779              -0.02654              -0.60596 
              0.03234              -0.02271              -0.60551 
              0.02672              -0.01876              -0.60488 
              0.02114              -0.01484              -0.60412 
              0.01574              -0.01105              -0.60326 
              0.01041              -0.00731              -0.60228 
              0.00527              -0.00370              -0.60121 
              0.00056              -0.00039              -0.60013 
             -0.00367               0.00258              -0.59907 
             -0.00742               0.00521              -0.59805 
             -0.01069               0.00750              -0.59708 
             -0.01350               0.00947              -0.59617 
             -0.01589               0.01114              -0.59533 
             -0.01790               0.01254              -0.59456 
             -0.01957               0.01370              -0.59387 
             -0.02093               0.01463              -0.59324 
             -0.02202               0.01538              -0.59268 
             -0.02288               0.01596              -0.59218 
             -0.02355               0.01640              -0.59173 
             -0.02404               0.01673              -0.59133 
             -0.02441               0.01695              -0.59097 
             -0.02465               0.01709              -0.59064 
             -0.02480               0.01716              -0.59035 
             -0.02488               0.01717              -0.59007 
             -0.02490               0.01714              -0.58982 
             -0.02487               0.01708              -0.58957 
             -0.02480               0.01698              -0.58934 
