             -0.02958              -0.00560              -0.68224 
             -0.03024              -0.00546              -0.68277 
             -0.03089              -0.00533              -0.68328 
             -0.03155              -0.00519              -0.68380 
             -0.03221              -0.00506              -0.68432 
             -0.03287              -0.00493              -0.68484 
             -0.03353              -0.00480              -0.68536 
             -0.03421              -0.00468              -0.68588 
             -0.03490              -0.00456              -0.68641 
             -0.03560              -0.00445              -0.68694 
             -0.03633              -0.00435              -0.68749 
             -0.03708              -0.00426              -0.68804 
             -0.03786              -0.00417              -0.68862 
             -0.03868              -0.00410              -0.68921 
             -0.03955              -0.00403              -0.68983 
             -0.04047              -0.00398              -0.69047 
             -0.04146              -0.00394              -0.69115 
             -0.04252              -0.00391              -0.69186 
             -0.04365              -0.00389              -0.69261 
             -0.04487              -0.00388              -0.69340 
             -0.04615              -0.00387              -0.69421 
             -0.04747              -0.00386              -0.69503 
             -0.04880              -0.00385              -0.69582 
             -0.05004              -0.00383              -0.69653 
             -0.05107              -0.00377              -0.69706 
             -0.05167              -0.00367              -0.69726 
             -0.05150              -0.00350              -0.69691 
             -0.05003              -0.00321              -0.69562 
             -0.04643              -0.00279              -0.69286 
             -0.03946              -0.00218              -0.68776 
             -0.02725              -0.00134              -0.67907 
             -0.00716              -0.00031              -0.66499 
              0.02427               0.00085              -0.64316 
              0.06829               0.00177              -0.61279 
              0.13203               0.00212              -0.56899 
              0.21642               0.00112              -0.51116 
              0.31234              -0.00205              -0.44560 
              0.39593              -0.00751              -0.38864 
              0.43516              -0.01385              -0.36214 
              0.41142              -0.01848              -0.37870 
              0.33600              -0.01948              -0.43049 
              0.23989              -0.01700              -0.49627 
              0.15061              -0.01257              -0.55727 
              0.08111              -0.00777              -0.60470 
              0.03265              -0.00352              -0.63775 
             -0.00159               0.00019              -0.66108 
             -0.02373               0.00313              -0.67616 
             -0.03711               0.00534              -0.68529 
             -0.04475               0.00700              -0.69051 
             -0.04882               0.00826              -0.69331 
             -0.05078               0.00928              -0.69471 
             -0.05159               0.01014              -0.69532 
             -0.05179               0.01093              -0.69554 
             -0.05170               0.01168              -0.69557 
             -0.05149               0.01240              -0.69553 
             -0.05123               0.01313              -0.69546 
             -0.05096               0.01384              -0.69538 
             -0.05071               0.01455              -0.69530 
             -0.05047               0.01524              -0.69523 
             -0.05024               0.01592              -0.69515 
             -0.05004               0.01659              -0.69508 
             -0.04985               0.01724              -0.69500 
             -0.04968               0.01788              -0.69492 
             -0.04953               0.01849              -0.69484 
             -0.04940               0.01909              -0.69475 
             -0.04929               0.01966              -0.69466 
             -0.04920               0.02022              -0.69457 
             -0.04913               0.02076              -0.69447 
             -0.04907               0.02129              -0.69437 
             -0.04903               0.02179              -0.69426 
             -0.04900               0.02227              -0.69414 
             -0.04897               0.02273              -0.69400 
             -0.04892               0.02316              -0.69384 
             -0.04885               0.02355              -0.69364 
             -0.04874               0.02389              -0.69340 
             -0.04854               0.02417              -0.69309 
             -0.04824               0.02437              -0.69269 
             -0.04778               0.02447              -0.69218 
             -0.04710               0.02442              -0.69151 
             -0.04609               0.02419              -0.69068 
             -0.04456               0.02371              -0.68969 
             -0.04252               0.02293              -0.68840 
             -0.03979               0.02177              -0.68670 
             -0.03622               0.02012              -0.68451 
             -0.03157               0.01785              -0.68169 
             -0.02560               0.01482              -0.67811 
             -0.01803               0.01087              -0.67364 
             -0.00859               0.00582              -0.66813 
              0.00298              -0.00048              -0.66148 
              0.01683              -0.00816              -0.65365 
              0.03258              -0.01701              -0.64492 
              0.04942              -0.02660              -0.63582 
              0.06775              -0.03719              -0.62614 
              0.08647              -0.04818              -0.61658 
              0.10399              -0.05867              -0.60804 
              0.11846              -0.06753              -0.60153 
              0.12803              -0.07360              -0.59799 
              0.13138              -0.07599              -0.59802 
              0.12812              -0.07435              -0.60167 
              0.11893              -0.06894              -0.60841 
              0.10429              -0.06030              -0.61711 
              0.08845              -0.05072              -0.62613 
              0.07253              -0.04085              -0.63491 
              0.05736              -0.03116              -0.64307 
              0.04347              -0.02201              -0.65038 
              0.03090              -0.01341              -0.65686 
              0.01912              -0.00505              -0.66278 
              0.00891               0.00250              -0.66783 
              0.00026               0.00921              -0.67202 
             -0.00696               0.01513              -0.67545 
             -0.01292               0.02030              -0.67822 
             -0.01776               0.02480              -0.68041 
             -0.02166               0.02869              -0.68212 
             -0.02475               0.03205              -0.68343 
             -0.02717               0.03494              -0.68440 
             -0.02902               0.03741              -0.68510 
             -0.03042               0.03953              -0.68556 
             -0.03145               0.04134              -0.68585 
             -0.03218               0.04290              -0.68598 
             -0.03267               0.04423              -0.68600 
             -0.03298               0.04538              -0.68591 
             -0.03315               0.04637              -0.68575 
             -0.03322               0.04723              -0.68553 
             -0.03322               0.04798              -0.68526 
             -0.03318               0.04864              -0.68494 
             -0.03311               0.04922              -0.68459 
             -0.03303               0.04975              -0.68421 
             -0.03295               0.05021              -0.68381 
             -0.03289               0.05064              -0.68338 
             -0.03285               0.05102              -0.68293 
             -0.03284               0.05136              -0.68247 
             -0.03286               0.05165              -0.68198 
             -0.03292               0.05191              -0.68147 
             -0.03300               0.05212              -0.68094 
             -0.03311               0.05228              -0.68039 
             -0.03323               0.05238              -0.67981 
             -0.03337               0.05240              -0.67921 
             -0.03350               0.05235              -0.67859 
             -0.03361               0.05219              -0.67794 
             -0.03368               0.05191              -0.67726 
             -0.03367               0.05149              -0.67655 
             -0.03356               0.05090              -0.67581 
             -0.03331               0.05011              -0.67503 
             -0.03286               0.04909              -0.67422 
             -0.03215               0.04780              -0.67337 
             -0.03111               0.04617              -0.67248 
             -0.02965               0.04417              -0.67154 
             -0.02765               0.04172              -0.67057 
             -0.02500               0.03875              -0.66955 
             -0.02154               0.03518              -0.66849 
             -0.01710               0.03090              -0.66739 
             -0.01150               0.02583              -0.66626 
             -0.00454               0.01987              -0.66513 
              0.00398               0.01292              -0.66401 
              0.01423               0.00493              -0.66293 
              0.02630              -0.00411              -0.66196 
              0.03980              -0.01386              -0.66116 
              0.05428              -0.02398              -0.66060 
              0.07021              -0.03476              -0.66031 
              0.08700              -0.04580              -0.66036 
              0.10376              -0.05651              -0.66079 
              0.11933              -0.06617              -0.66160 
              0.13235              -0.07399              -0.66276 
              0.14152              -0.07926              -0.66416 
              0.14583              -0.08145              -0.66565 
              0.14474              -0.08037              -0.66703 
              0.13837              -0.07616              -0.66814 
              0.12740              -0.06933              -0.66884 
              0.11297              -0.06059              -0.66904 
              0.09640              -0.05073              -0.66875 
              0.07896              -0.04050              -0.66800 
              0.06174              -0.03050              -0.66689 
              0.04551              -0.02119              -0.66551 
              0.03074              -0.01279              -0.66396 
              0.01651              -0.00475              -0.66215 
              0.00406               0.00221              -0.66029 
             -0.00661               0.00812              -0.65845 
             -0.01563               0.01304              -0.65667 
             -0.02315               0.01708              -0.65497 
             -0.02936               0.02035              -0.65337 
             -0.03444               0.02295              -0.65189 
             -0.03856               0.02500              -0.65051 
             -0.04189               0.02658              -0.64924 
             -0.04456               0.02777              -0.64807 
             -0.04668               0.02865              -0.64700 
             -0.04837               0.02926              -0.64601 
             -0.04968               0.02967              -0.64511 
             -0.05071               0.02989              -0.64429 
             -0.05149               0.02999              -0.64353 
             -0.05208               0.02996              -0.64284 
             -0.05252               0.02986              -0.64221 
             -0.05279               0.02976              -0.64161 
             -0.05294               0.02965              -0.64105 
             -0.05302               0.02950              -0.64053 
             -0.05305               0.02930              -0.64005 
             -0.05305               0.02907              -0.63961 
             -0.05302               0.02881              -0.63920 
             -0.05298               0.02853              -0.63881 
             -0.05294               0.02824              -0.63845 
             -0.05290               0.02793              -0.63812 
