             -0.02218              -0.00420              -0.66668 
             -0.02268              -0.00409              -0.66708 
             -0.02317              -0.00399              -0.66747 
             -0.02367              -0.00388              -0.66786 
             -0.02416              -0.00377              -0.66825 
             -0.02466              -0.00365              -0.66863 
             -0.02515              -0.00354              -0.66902 
             -0.02566              -0.00343              -0.66942 
             -0.02616              -0.00332              -0.66981 
             -0.02668              -0.00320              -0.67021 
             -0.02721              -0.00309              -0.67061 
             -0.02774              -0.00298              -0.67101 
             -0.02829              -0.00288              -0.67142 
             -0.02886              -0.00277              -0.67184 
             -0.02945              -0.00267              -0.67227 
             -0.03006              -0.00258              -0.67271 
             -0.03069              -0.00248              -0.67316 
             -0.03136              -0.00239              -0.67363 
             -0.03205              -0.00230              -0.67410 
             -0.03278              -0.00221              -0.67460 
             -0.03354              -0.00213              -0.67510 
             -0.03432              -0.00205              -0.67561 
             -0.03513              -0.00196              -0.67613 
             -0.03595              -0.00188              -0.67664 
             -0.03676              -0.00179              -0.67712 
             -0.03751              -0.00169              -0.67754 
             -0.03815              -0.00158              -0.67788 
             -0.03861              -0.00146              -0.67807 
             -0.03877              -0.00133              -0.67802 
             -0.03845              -0.00117              -0.67763 
             -0.03742              -0.00098              -0.67673 
             -0.03533              -0.00077              -0.67509 
             -0.03170              -0.00054              -0.67238 
             -0.02586              -0.00030              -0.66816 
             -0.01692              -0.00010              -0.66181 
             -0.00370               0.00000              -0.65257 
              0.01523              -0.00012              -0.63948 
              0.03998              -0.00065              -0.62249 
              0.07337              -0.00186              -0.59972 
              0.11674              -0.00410              -0.57030 
              0.16856              -0.00772              -0.53531 
              0.22311              -0.01275              -0.49867 
              0.26982              -0.01865              -0.46751 
              0.29601              -0.02414              -0.45033 
              0.29306              -0.02763              -0.45281 
              0.26187              -0.02807              -0.47420 
              0.21229              -0.02550              -0.50780 
              0.15709              -0.02089              -0.54499 
              0.10615              -0.01546              -0.57917 
              0.06440              -0.01019              -0.60710 
              0.03283              -0.00560              -0.62817 
              0.00925              -0.00169              -0.64386 
             -0.00814               0.00159              -0.65540 
             -0.02001               0.00415              -0.66326 
             -0.02780               0.00610              -0.66841 
             -0.03272               0.00759              -0.67165 
             -0.03568               0.00873              -0.67362 
             -0.03736               0.00963              -0.67474 
             -0.03823               0.01036              -0.67533 
             -0.03860               0.01099              -0.67560 
             -0.03867               0.01154              -0.67569 
             -0.03857               0.01206              -0.67567 
             -0.03839               0.01254              -0.67559 
             -0.03816               0.01301              -0.67549 
             -0.03791               0.01346              -0.67537 
             -0.03765               0.01390              -0.67525 
             -0.03740               0.01433              -0.67512 
             -0.03715               0.01474              -0.67499 
             -0.03692               0.01515              -0.67486 
             -0.03669               0.01553              -0.67472 
             -0.03647               0.01591              -0.67459 
             -0.03627               0.01627              -0.67445 
             -0.03608               0.01662              -0.67431 
             -0.03590               0.01696              -0.67417 
             -0.03574               0.01729              -0.67403 
             -0.03560               0.01760              -0.67389 
             -0.03548               0.01791              -0.67376 
             -0.03538               0.01821              -0.67363 
             -0.03530               0.01851              -0.67350 
             -0.03524               0.01880              -0.67338 
             -0.03521               0.01908              -0.67327 
             -0.03520               0.01937              -0.67316 
             -0.03518               0.01965              -0.67309 
             -0.03508               0.01992              -0.67309 
             -0.03500               0.02019              -0.67311 
             -0.03492               0.02047              -0.67315 
             -0.03485               0.02075              -0.67320 
             -0.03478               0.02103              -0.67326 
             -0.03471               0.02130              -0.67332 
             -0.03463               0.02158              -0.67339 
             -0.03453               0.02184              -0.67346 
             -0.03441               0.02210              -0.67351 
             -0.03423               0.02233              -0.67354 
             -0.03400               0.02252              -0.67354 
             -0.03368               0.02267              -0.67348 
             -0.03323               0.02274              -0.67336 
             -0.03262               0.02272              -0.67315 
             -0.03179               0.02257              -0.67281 
             -0.03067               0.02224              -0.67232 
             -0.02918               0.02168              -0.67162 
             -0.02832               0.02120              -0.67084 
             -0.02724               0.02057              -0.66993 
             -0.02588               0.01975              -0.66888 
             -0.02417               0.01871              -0.66766 
             -0.02205               0.01741              -0.66624 
             -0.01943               0.01579              -0.66461 
             -0.01622               0.01379              -0.66273 
             -0.01230               0.01137              -0.66058 
             -0.00759               0.00845              -0.65813 
             -0.00198               0.00497              -0.65538 
              0.00463               0.00089              -0.65233 
              0.01227              -0.00383              -0.64898 
              0.02097              -0.00921              -0.64538 
              0.03014              -0.01487              -0.64181 
              0.03996              -0.02094              -0.63822 
              0.05045              -0.02745              -0.63462 
              0.06125              -0.03416              -0.63118 
              0.07183              -0.04078              -0.62808 
              0.08159              -0.04694              -0.62553 
              0.08984              -0.05222              -0.62370 
              0.09592              -0.05623              -0.62276 
              0.09930              -0.05862              -0.62276 
              0.09966              -0.05918              -0.62370 
              0.09695              -0.05786              -0.62549 
              0.09142              -0.05477              -0.62795 
              0.08353              -0.05018              -0.63086 
              0.07391              -0.04444              -0.63400 
              0.06325              -0.03797              -0.63717 
              0.05217              -0.03114              -0.64018 
              0.04124              -0.02431              -0.64292 
              0.03086              -0.01775              -0.64532 
              0.02120              -0.01155              -0.64736 
              0.01181              -0.00544              -0.64916 
              0.00346               0.00007              -0.65059 
             -0.00383               0.00494              -0.65168 
             -0.01011               0.00918              -0.65247 
             -0.01543               0.01283              -0.65301 
             -0.01989               0.01593              -0.65333 
             -0.02359               0.01853              -0.65347 
             -0.02664               0.02071              -0.65347 
             -0.02912               0.02250              -0.65335 
             -0.03113               0.02398              -0.65315 
             -0.03274               0.02518              -0.65287 
             -0.03402               0.02615              -0.65254 
             -0.03504               0.02693              -0.65218 
             -0.03583               0.02755              -0.65178 
             -0.03644               0.02803              -0.65137 
             -0.03690               0.02841              -0.65095 
             -0.03724               0.02869              -0.65051 
             -0.03750               0.02890              -0.65008 
             -0.03767               0.02904              -0.64965 
             -0.03778               0.02915              -0.64923 
             -0.03779               0.02926              -0.64882 
             -0.03777               0.02935              -0.64843 
             -0.03774               0.02940              -0.64803 
             -0.03769               0.02943              -0.64765 
             -0.03763               0.02944              -0.64727 
             -0.03757               0.02944              -0.64690 
             -0.03752               0.02942              -0.64653 
             -0.03746               0.02940              -0.64617 
             -0.03742               0.02937              -0.64582 
             -0.03739               0.02934              -0.64548 
             -0.03737               0.02929              -0.64514 
             -0.03736               0.02925              -0.64481 
             -0.03736               0.02920              -0.64448 
             -0.03738               0.02915              -0.64416 
             -0.03740               0.02909              -0.64385 
             -0.03743               0.02902              -0.64354 
             -0.03747               0.02895              -0.64324 
             -0.03752               0.02886              -0.64295 
             -0.03756               0.02876              -0.64267 
             -0.03760               0.02865              -0.64240 
             -0.03762               0.02851              -0.64213 
             -0.03763               0.02835              -0.64188 
             -0.03761               0.02815              -0.64165 
             -0.03756               0.02791              -0.64143 
             -0.03745               0.02763              -0.64124 
             -0.03728               0.02728              -0.64107 
             -0.03703               0.02687              -0.64093 
             -0.03668               0.02638              -0.64082 
             -0.03620               0.02579              -0.64076 
             -0.03557               0.02509              -0.64076 
             -0.03476               0.02426              -0.64081 
             -0.03372               0.02327              -0.64094 
             -0.03241               0.02212              -0.64115 
             -0.03079               0.02076              -0.64147 
             -0.02880               0.01918              -0.64191 
             -0.02639               0.01734              -0.64249 
             -0.02348               0.01523              -0.64323 
             -0.02002               0.01280              -0.64416 
             -0.01593               0.01004              -0.64530 
             -0.01116               0.00693              -0.64667 
             -0.00565               0.00345              -0.64829 
              0.00064              -0.00038              -0.65019 
              0.00770              -0.00456              -0.65238 
              0.01550              -0.00903              -0.65484 
              0.02372              -0.01359              -0.65750 
              0.03206              -0.01806              -0.66026 
              0.04078              -0.02259              -0.66321 
              0.04964              -0.02702              -0.66628 
