             -0.00740              -0.00140              -0.50556 
             -0.00756              -0.00136              -0.50569 
             -0.00773              -0.00132              -0.50582 
             -0.00789              -0.00128              -0.50595 
             -0.00805              -0.00124              -0.50608 
             -0.00822              -0.00119              -0.50621 
             -0.00838              -0.00114              -0.50634 
             -0.00854              -0.00109              -0.50647 
             -0.00870              -0.00103              -0.50660 
             -0.00886              -0.00098              -0.50673 
             -0.00903              -0.00092              -0.50685 
             -0.00919              -0.00085              -0.50698 
             -0.00935              -0.00079              -0.50710 
             -0.00950              -0.00073              -0.50723 
             -0.00966              -0.00066              -0.50735 
             -0.00982              -0.00059              -0.50747 
             -0.00998              -0.00052              -0.50760 
             -0.01014              -0.00044              -0.50772 
             -0.01030              -0.00036              -0.50784 
             -0.01045              -0.00029              -0.50796 
             -0.01061              -0.00021              -0.50807 
             -0.01077              -0.00012              -0.50819 
             -0.01092              -0.00004              -0.50831 
             -0.01108               0.00005              -0.50842 
             -0.01123               0.00013              -0.50853 
             -0.01138               0.00022              -0.50864 
             -0.01153               0.00031              -0.50874 
             -0.01168               0.00041              -0.50885 
             -0.01183               0.00050              -0.50895 
             -0.01197               0.00060              -0.50904 
             -0.01210               0.00069              -0.50913 
             -0.01223               0.00079              -0.50921 
             -0.01235               0.00089              -0.50928 
             -0.01246               0.00099              -0.50935 
             -0.01256               0.00109              -0.50940 
             -0.01264               0.00119              -0.50944 
             -0.01270               0.00128              -0.50947 
             -0.01275               0.00138              -0.50947 
             -0.01277               0.00147              -0.50946 
             -0.01276               0.00156              -0.50943 
             -0.01271               0.00164              -0.50936 
             -0.01262               0.00172              -0.50927 
             -0.01249               0.00179              -0.50914 
             -0.01230               0.00185              -0.50897 
             -0.01205               0.00189              -0.50875 
             -0.01172               0.00192              -0.50848 
             -0.01131               0.00193              -0.50815 
             -0.01080               0.00192              -0.50775 
             -0.01018               0.00188              -0.50728 
             -0.00944               0.00181              -0.50671 
             -0.00856               0.00170              -0.50606 
             -0.00752               0.00155              -0.50530 
             -0.00631               0.00134              -0.50442 
             -0.00491               0.00108              -0.50343 
             -0.00331               0.00075              -0.50229 
             -0.00148               0.00035              -0.50102 
              0.00058              -0.00014              -0.49960 
              0.00289              -0.00072              -0.49803 
              0.00545              -0.00140              -0.49631 
              0.00813              -0.00215              -0.49453 
              0.01095              -0.00298              -0.49267 
              0.01399              -0.00393              -0.49069 
              0.01724              -0.00498              -0.48861 
              0.02062              -0.00614              -0.48646 
              0.02407              -0.00739              -0.48429 
              0.02751              -0.00870              -0.48216 
              0.03083              -0.01004              -0.48014 
              0.03392              -0.01137              -0.47831 
              0.03663              -0.01264              -0.47673 
              0.03885              -0.01379              -0.47550 
              0.04047              -0.01478              -0.47467 
              0.04138              -0.01554              -0.47428 
              0.04154              -0.01604              -0.47437 
              0.04093              -0.01625              -0.47494 
              0.03959              -0.01615              -0.47595 
              0.03757              -0.01575              -0.47735 
              0.03498              -0.01505              -0.47907 
              0.03195              -0.01411              -0.48104 
              0.02860              -0.01295              -0.48316 
              0.02507              -0.01164              -0.48536 
              0.02149              -0.01021              -0.48756 
              0.01794              -0.00873              -0.48970 
              0.01451              -0.00723              -0.49174 
              0.01128              -0.00575              -0.49364 
              0.00828              -0.00431              -0.49537 
              0.00545              -0.00290              -0.49698 
              0.00275              -0.00150              -0.49849 
              0.00033              -0.00018              -0.49982 
             -0.00183               0.00104              -0.50099 
             -0.00372               0.00215              -0.50199 
             -0.00536               0.00315              -0.50284 
             -0.00677               0.00405              -0.50355 
             -0.00797               0.00485              -0.50414 
             -0.00898               0.00555              -0.50461 
             -0.00980               0.00616              -0.50498 
             -0.01048               0.00669              -0.50527 
             -0.01102               0.00714              -0.50548 
             -0.01143               0.00752              -0.50563 
             -0.01175               0.00783              -0.50572 
             -0.01197               0.00809              -0.50576 
             -0.01202               0.00827              -0.50575 
             -0.01204               0.00844              -0.50573 
             -0.01205               0.00859              -0.50569 
             -0.01204               0.00873              -0.50565 
             -0.01202               0.00885              -0.50560 
             -0.01198               0.00897              -0.50554 
             -0.01193               0.00907              -0.50548 
             -0.01187               0.00916              -0.50541 
             -0.01180               0.00924              -0.50534 
             -0.01172               0.00931              -0.50526 
             -0.01164               0.00937              -0.50518 
             -0.01155               0.00943              -0.50509 
             -0.01146               0.00947              -0.50501 
             -0.01136               0.00951              -0.50492 
             -0.01125               0.00954              -0.50483 
             -0.01115               0.00956              -0.50473 
             -0.01104               0.00958              -0.50464 
             -0.01093               0.00959              -0.50455 
             -0.01082               0.00960              -0.50445 
             -0.01071               0.00960              -0.50436 
             -0.01060               0.00960              -0.50426 
             -0.01048               0.00960              -0.50417 
             -0.01037               0.00959              -0.50408 
             -0.01026               0.00958              -0.50398 
             -0.01015               0.00956              -0.50389 
             -0.01004               0.00955              -0.50380 
             -0.00994               0.00953              -0.50371 
             -0.00983               0.00951              -0.50361 
             -0.00973               0.00948              -0.50352 
             -0.00962               0.00946              -0.50344 
             -0.00952               0.00943              -0.50335 
             -0.00943               0.00941              -0.50326 
             -0.00933               0.00938              -0.50318 
             -0.00923               0.00935              -0.50309 
             -0.00914               0.00932              -0.50301 
             -0.00905               0.00929              -0.50293 
             -0.00896               0.00926              -0.50284 
             -0.00888               0.00923              -0.50276 
             -0.00879               0.00920              -0.50268 
             -0.00871               0.00917              -0.50261 
             -0.00863               0.00914              -0.50253 
             -0.00856               0.00910              -0.50245 
             -0.00848               0.00907              -0.50238 
             -0.00841               0.00904              -0.50231 
             -0.00834               0.00901              -0.50223 
             -0.00827               0.00898              -0.50216 
             -0.00821               0.00895              -0.50209 
             -0.00815               0.00892              -0.50202 
             -0.00809               0.00889              -0.50196 
             -0.00803               0.00886              -0.50189 
             -0.00797               0.00884              -0.50182 
             -0.00792               0.00881              -0.50176 
             -0.00787               0.00878              -0.50169 
             -0.00782               0.00875              -0.50163 
             -0.00777               0.00873              -0.50157 
             -0.00772               0.00870              -0.50150 
             -0.00768               0.00868              -0.50144 
             -0.00764               0.00866              -0.50138 
             -0.00760               0.00863              -0.50132 
             -0.00756               0.00861              -0.50127 
             -0.00753               0.00859              -0.50121 
             -0.00749               0.00857              -0.50115 
             -0.00746               0.00855              -0.50110 
             -0.00743               0.00853              -0.50104 
             -0.00741               0.00851              -0.50098 
             -0.00738               0.00850              -0.50093 
             -0.00736               0.00848              -0.50088 
             -0.00734               0.00847              -0.50082 
             -0.00732               0.00846              -0.50077 
             -0.00730               0.00844              -0.50072 
             -0.00729               0.00843              -0.50067 
             -0.00727               0.00842              -0.50062 
             -0.00726               0.00842              -0.50057 
             -0.00726               0.00841              -0.50052 
             -0.00725               0.00840              -0.50047 
             -0.00724               0.00840              -0.50042 
             -0.00724               0.00840              -0.50037 
             -0.00724               0.00840              -0.50032 
             -0.00725               0.00840              -0.50027 
             -0.00725               0.00840              -0.50022 
             -0.00726               0.00841              -0.50017 
             -0.00727               0.00842              -0.50012 
             -0.00728               0.00843              -0.50007 
             -0.00730               0.00844              -0.50002 
             -0.00731               0.00845              -0.49997 
             -0.00733               0.00847              -0.49991 
             -0.00736               0.00849              -0.49986 
             -0.00738               0.00851              -0.49981 
             -0.00741               0.00854              -0.49975 
             -0.00744               0.00857              -0.49970 
             -0.00748               0.00860              -0.49964 
             -0.00752               0.00864              -0.49959 
             -0.00756               0.00867              -0.49953 
             -0.00761               0.00872              -0.49947 
             -0.00766               0.00876              -0.49941 
             -0.00771               0.00881              -0.49934 
             -0.00776               0.00887              -0.49928 
             -0.00782               0.00892              -0.49921 
             -0.00789               0.00898              -0.49914 
             -0.00796               0.00905              -0.49907 
