             -0.00010               0.00044              -0.05836 
             -0.00239              -0.00123              -0.01357 
             -0.00083              -0.00071              -0.02822 
              0.00201               0.00267               0.03661 
             -0.00047              -0.00233               0.03312 
             -0.00234               0.00267               0.07404 
              0.00239               0.00305               0.03311 
             -0.00095              -0.00026              -0.02275 
             -0.00161              -0.00076              -0.03775 
              0.00010               0.00053              -0.06012 
             -0.00073              -0.00207              -0.04707 
              0.00166               0.00153              -0.02312 
              0.00104               0.00131               0.00480 
             -0.00996              -0.00035               0.07400 
              0.00490               0.00010               0.06528 
             -0.00186               0.00391               0.05662 
             -0.00163               0.00092              -0.00303 
              0.00125              -0.00008              -0.03553 
             -0.00100              -0.00084              -0.04354 
             -0.00225              -0.00073              -0.05238 
             -0.00092               0.00236              -0.02280 
              0.00618               0.00004              -0.01461 
             -0.00480              -0.00120               0.03337 
             -0.00263               0.00074               0.04950 
             -0.00075               0.00261               0.04608 
             -0.00460              -0.00095               0.02965 
             -0.00038              -0.00107              -0.02720 
              0.00250              -0.00052              -0.02548 
             -0.00013              -0.00165              -0.05171 
             -0.00001              -0.00002              -0.03228 
