              0.00352              -0.00811               0.50892 
              0.00255              -0.00768               0.50991 
              0.00147              -0.00723               0.49650 
              0.00034              -0.00680               0.47064 
             -0.00083              -0.00641               0.43524 
             -0.00199              -0.00608               0.39391 
             -0.00311              -0.00585               0.35059 
             -0.00417              -0.00572               0.30921 
             -0.00515              -0.00570               0.27342 
             -0.00603              -0.00580               0.24628 
             -0.00682              -0.00601               0.23013 
             -0.00751              -0.00632               0.22646 
             -0.00810              -0.00672               0.23583 
             -0.00858              -0.00718               0.25786 
             -0.00895              -0.00767               0.29128 
             -0.00920              -0.00816               0.33396 
             -0.00934              -0.00861               0.38308 
             -0.00935              -0.00897               0.43525 
             -0.00923              -0.00921               0.48679 
             -0.00900              -0.00928               0.53400 
             -0.00865              -0.00914               0.57346 
             -0.00820              -0.00876               0.60237 
             -0.00768              -0.00814               0.61879 
             -0.00712              -0.00727               0.62185 
             -0.00652              -0.00616               0.61181 
             -0.00594              -0.00486               0.58998 
             -0.00539              -0.00339               0.55858 
             -0.00489              -0.00180               0.52044 
             -0.00446              -0.00013               0.47871 
             -0.00410               0.00156               0.43649 
             -0.00381               0.00323               0.39662 
             -0.00359               0.00485               0.36137 
             -0.00342               0.00638               0.33235 
             -0.00329               0.00778               0.31038 
             -0.00318               0.00903               0.29554 
             -0.00307               0.01010               0.28718 
             -0.00292               0.01096               0.28405 
             -0.00273               0.01158               0.28448 
             -0.00248               0.01194               0.28653 
             -0.00213               0.01203               0.28818 
             -0.00170               0.01183               0.28758 
             -0.00116               0.01136               0.28321 
             -0.00052               0.01062               0.27404 
              0.00021               0.00964               0.25963 
              0.00103               0.00845               0.24019 
              0.00192               0.00710               0.21653 
              0.00286               0.00563               0.19004 
              0.00383               0.00409               0.16251 
              0.00483               0.00252               0.13600 
              0.00582               0.00098               0.11266 
              0.00680              -0.00052               0.09454 
              0.00775              -0.00193               0.08347 
              0.00867              -0.00323               0.08086 
              0.00953              -0.00441               0.08758 
              0.01032              -0.00544               0.10395 
              0.01103              -0.00632               0.12958 
              0.01164              -0.00703               0.16339 
              0.01213              -0.00757               0.20362 
              0.01247              -0.00792               0.24789 
              0.01266              -0.00809               0.29333 
              0.01267              -0.00807               0.33677 
              0.01249              -0.00789               0.37499 
              0.01212              -0.00755               0.40499 
              0.01156              -0.00708               0.42427 
              0.01084              -0.00652               0.43113 
              0.00998              -0.00590               0.42483 
              0.00902              -0.00526               0.40571 
              0.00800              -0.00465               0.37514 
              0.00695              -0.00411               0.33542 
              0.00593              -0.00365               0.28955 
              0.00495              -0.00332               0.24095 
              0.00405              -0.00312               0.19318 
              0.00324              -0.00305               0.14961 
              0.00254              -0.00313               0.11322 
              0.00194              -0.00334               0.08638 
              0.00144              -0.00367               0.07069 
              0.00103              -0.00410               0.06694 
              0.00069              -0.00461               0.07499 
              0.00041              -0.00518               0.09385 
              0.00015              -0.00577               0.12165 
             -0.00009              -0.00635               0.15578 
             -0.00034              -0.00688               0.19301 
             -0.00062              -0.00733               0.22970 
             -0.00096              -0.00766               0.26209 
             -0.00136              -0.00782               0.28659 
             -0.00183              -0.00781               0.30011 
             -0.00239              -0.00760               0.30037 
             -0.00302              -0.00718               0.28608 
             -0.00372              -0.00658               0.25711 
             -0.00447              -0.00581               0.21450 
             -0.00526              -0.00491               0.16027 
             -0.00608              -0.00391               0.09727 
             -0.00689              -0.00285               0.02886 
             -0.00770              -0.00176              -0.04138 
             -0.00848              -0.00069              -0.10997 
             -0.00922               0.00035              -0.17372 
             -0.00992               0.00133              -0.22991 
             -0.01056               0.00225              -0.27645 
             -0.01114               0.00309              -0.31184 
             -0.01164               0.00386              -0.33528 
             -0.01205               0.00454              -0.34654 
             -0.01235               0.00514              -0.34602 
             -0.01248               0.00566              -0.33461 
             -0.01239               0.00609              -0.31369 
             -0.01198               0.00645              -0.28500 
             -0.01113               0.00671              -0.25056 
             -0.00964               0.00690              -0.21259 
             -0.00731               0.00700              -0.17331 
             -0.00387               0.00704              -0.13482 
              0.00098               0.00700              -0.09896 
              0.00759               0.00692              -0.06718 
              0.01632               0.00680              -0.04038 
              0.02757               0.00666              -0.01884 
              0.04175               0.00652              -0.00226 
              0.05926               0.00640               0.01027 
              0.08051               0.00631               0.02014 
              0.10589               0.00627               0.02903 
              0.13571               0.00629               0.03865 
              0.17022               0.00637               0.05064 
              0.20959               0.00650               0.06633 
              0.25386               0.00668               0.08660 
              0.30287               0.00690               0.11166 
              0.35618               0.00712               0.14097 
              0.41306               0.00733               0.17314 
              0.47236               0.00749               0.20601 
              0.53194               0.00757               0.23606 
              0.58896               0.00754               0.25900 
              0.64256               0.00737               0.27273 
              0.69160               0.00704               0.27522 
              0.73422               0.00655               0.26417 
              0.76888               0.00590               0.23824 
              0.79454               0.00508               0.19726 
              0.81078               0.00414               0.14235 
              0.81782               0.00309               0.07586 
              0.81645               0.00196               0.00111 
              0.80791               0.00078              -0.07790 
              0.79364              -0.00043              -0.15693 
              0.77499              -0.00164              -0.23196 
              0.75246              -0.00286              -0.30020 
              0.72710              -0.00406              -0.35857 
              0.70110              -0.00524              -0.40316 
              0.67513              -0.00640              -0.43214 
              0.64942              -0.00753              -0.44460 
              0.62384              -0.00863              -0.44051 
              0.59798              -0.00968              -0.42066 
              0.57118              -0.01066              -0.38666 
              0.54265              -0.01154              -0.34082 
              0.51155              -0.01230              -0.28614 
              0.47709              -0.01289              -0.22614 
              0.43866              -0.01326              -0.16477 
              0.39591              -0.01339              -0.10618 
              0.34889              -0.01324              -0.05437 
              0.29809              -0.01278              -0.01291 
              0.24444              -0.01202               0.01541 
              0.18923              -0.01098               0.02876 
              0.13402              -0.00968               0.02652 
              0.08043              -0.00820               0.00924 
              0.03000              -0.00659              -0.02131 
             -0.01599              -0.00493              -0.06240 
             -0.05658              -0.00327              -0.11051 
             -0.09119              -0.00169              -0.16167 
             -0.11965              -0.00023              -0.21173 
             -0.14206               0.00108              -0.25662 
             -0.15878               0.00220              -0.29264 
             -0.17029               0.00314              -0.31657 
             -0.17712               0.00388              -0.32583 
             -0.17979               0.00442              -0.31856 
             -0.17874               0.00477              -0.29371 
             -0.17434               0.00491              -0.25104 
             -0.16689               0.00486              -0.19125 
             -0.15663               0.00461              -0.11593 
             -0.14382               0.00417              -0.02766 
             -0.12878               0.00355               0.07005 
             -0.11194               0.00277               0.17291 
             -0.09391               0.00187               0.27602 
             -0.07546               0.00088               0.37420 
             -0.05755              -0.00014               0.46243 
             -0.04130              -0.00112               0.53630 
             -0.02781              -0.00199               0.59244 
             -0.01816              -0.00268               0.62887 
             -0.01322              -0.00314               0.64524 
             -0.01367              -0.00331               0.64282 
             -0.01986              -0.00318               0.62429 
             -0.03188              -0.00273               0.59336 
             -0.04954              -0.00199               0.55428 
             -0.07245              -0.00098               0.51126 
             -0.10007               0.00025               0.46804 
             -0.13172               0.00166               0.42746 
             -0.16663               0.00318               0.39131 
             -0.20393               0.00477               0.36019 
             -0.24266               0.00636               0.33361 
             -0.28179               0.00788               0.31012 
             -0.32016               0.00928               0.28763 
             -0.35663               0.01049               0.26369 
             -0.39006               0.01147               0.23582 
             -0.41943               0.01218               0.20190 
             -0.44391               0.01259               0.16041 
             -0.46297               0.01268               0.11062 
             -0.47638               0.01248               0.05272 
             -0.48429               0.01198              -0.01219 
             -0.48718               0.01124              -0.08216 
             -0.48583               0.01028              -0.15464 
             -0.48117               0.00916              -0.22668 
             -0.47425               0.00792              -0.29521 
             -0.46609               0.00659              -0.35727 
             -0.45764               0.00522              -0.41022 
             -0.44969               0.00384              -0.45184 
             -0.44291               0.00246              -0.48043 
             -0.43775               0.00110              -0.49482 
             -0.43447              -0.00022              -0.49448 
             -0.43315              -0.00149              -0.47951 
             -0.43367              -0.00271              -0.45065 
             -0.43569              -0.00385              -0.40930 
             -0.43870              -0.00491              -0.35752 
             -0.44202              -0.00586              -0.29796 
             -0.44481              -0.00668              -0.23383 
             -0.44611              -0.00736              -0.16870 
             -0.44491              -0.00787              -0.10634 
             -0.44027              -0.00820              -0.05039 
             -0.43135              -0.00833              -0.00400 
             -0.41758              -0.00829               0.03046 
             -0.39865              -0.00806               0.05169 
             -0.37459              -0.00769               0.05964 
             -0.34570              -0.00721               0.05554 
             -0.31251              -0.00666               0.04183 
             -0.27567              -0.00608               0.02195 
             -0.23586              -0.00553               0.00002 
             -0.19368              -0.00505              -0.01947 
             -0.14957              -0.00467              -0.03203 
             -0.10379              -0.00444              -0.03349 
             -0.05638              -0.00436              -0.02031 
             -0.00729              -0.00447               0.01016 
              0.04361              -0.00476               0.05942 
              0.09638              -0.00524               0.12760 
              0.15085              -0.00589               0.21319 
              0.20648              -0.00667               0.31299 
              0.26226              -0.00755               0.42203 
              0.31660              -0.00846               0.53371 
              0.36579              -0.00932               0.63859 
              0.40737              -0.01004               0.72835 
              0.44124              -0.01054               0.79749 
              0.46564              -0.01072               0.83984 
              0.47907              -0.01054               0.85103 
              0.48086              -0.00996               0.82948 
              0.47134              -0.00900               0.77661 
              0.45180              -0.00768               0.69665 
              0.42419              -0.00607               0.59597 
              0.38952              -0.00425               0.48082 
              0.34841              -0.00228               0.35736 
              0.30562              -0.00025               0.23570 
              0.26342               0.00178               0.12270 
              0.22339               0.00377               0.02340 
              0.18661               0.00569              -0.05883 
              0.15378               0.00749              -0.12229 
              0.12535               0.00917              -0.16673 
              0.10157               0.01070              -0.19316 
              0.08260               0.01205              -0.20363 
              0.06854               0.01320              -0.20096 
              0.05950               0.01411              -0.18857 
              0.05552               0.01475              -0.17019 
              0.05659               0.01509              -0.14974 
              0.06258               0.01510              -0.13096 
              0.07325               0.01477              -0.11718 
              0.08824               0.01410              -0.11107 
              0.10705               0.01311              -0.11444 
              0.12909               0.01184              -0.12813 
              0.15368               0.01034              -0.15197 
              0.18015               0.00868              -0.18480 
              0.20789               0.00692              -0.22466 
              0.23638               0.00514              -0.26897 
              0.26525               0.00339              -0.31473 
              0.29425               0.00174              -0.35877 
              0.32330               0.00023              -0.39800 
              0.35242              -0.00111              -0.42957 
              0.38170              -0.00225              -0.45100 
              0.41123              -0.00319              -0.46034 
              0.44107              -0.00391              -0.45624 
              0.47115              -0.00440              -0.43800 
              0.50122              -0.00466              -0.40562 
              0.53085              -0.00469              -0.35981 
              0.55932              -0.00447              -0.30203 
              0.58568              -0.00402              -0.23445 
              0.60871              -0.00334              -0.15986 
              0.62702              -0.00243              -0.08156 
              0.63882              -0.00133              -0.00346 
              0.64232              -0.00006               0.07045 
              0.63708               0.00133               0.13777 
              0.62282               0.00276               0.19655 
              0.59941               0.00418               0.24544 
              0.56711               0.00550               0.28405 
              0.52653               0.00664               0.31304 
              0.47843               0.00753               0.33391 
              0.42377               0.00811               0.34895 
              0.36426               0.00832               0.36172 
              0.30191               0.00813               0.37631 
              0.23815               0.00751               0.39609 
              0.17414               0.00647               0.42377 
              0.11082               0.00500               0.46100 
              0.04894               0.00314               0.50810 
             -0.01088               0.00093               0.56385 
             -0.06803              -0.00156               0.62552 
             -0.12179              -0.00426               0.68896 
             -0.17138              -0.00706               0.74890 
             -0.21563              -0.00984               0.79907 
             -0.25317              -0.01245               0.83280 
             -0.28375              -0.01474               0.84502 
             -0.30759              -0.01659               0.83232 
             -0.32479              -0.01789               0.79279 
             -0.33552              -0.01857               0.72649 
             -0.33975              -0.01864               0.63516 
             -0.33786              -0.01812               0.52261 
             -0.33103              -0.01711               0.39466 
             -0.32118              -0.01570               0.25856 
             -0.30971              -0.01399               0.12119 
             -0.29783              -0.01211              -0.01116 
             -0.28650              -0.01014              -0.13310 
             -0.27646              -0.00816              -0.24038 
             -0.26819              -0.00622              -0.32993 
             -0.26198              -0.00435              -0.39979 
             -0.25794              -0.00258              -0.44905 
             -0.25601              -0.00091              -0.47762 
             -0.25604               0.00063              -0.48620 
             -0.25773               0.00206              -0.47615 
             -0.26071               0.00336              -0.44945 
             -0.26452               0.00452              -0.40859 
             -0.26862               0.00553              -0.35655 
             -0.27246               0.00638              -0.29673 
             -0.27545               0.00705              -0.23282 
             -0.27705               0.00752              -0.16866 
             -0.27678               0.00779              -0.10803 
             -0.27432               0.00784              -0.05438 
             -0.26954               0.00768              -0.01056 
             -0.26250               0.00733               0.02137 
             -0.25353               0.00683               0.04041 
             -0.24315               0.00620               0.04661 
             -0.23209               0.00550               0.04117 
             -0.22117               0.00478               0.02623 
             -0.21127               0.00408               0.00469 
             -0.20328               0.00347              -0.02004 
             -0.19800               0.00298              -0.04439 
             -0.19611               0.00263              -0.06494 
             -0.19820               0.00247              -0.07859 
             -0.20471               0.00249              -0.08276 
             -0.21599               0.00271              -0.07554 
             -0.23223               0.00313              -0.05577 
             -0.25350               0.00374              -0.02317 
             -0.27966               0.00452               0.02169 
             -0.31035               0.00545               0.07736 
             -0.34496               0.00648               0.14156 
             -0.38256               0.00758               0.21130 
             -0.42194               0.00867               0.28305 
             -0.46135               0.00970               0.35275 
             -0.49767               0.01057               0.41519 
             -0.53024               0.01124               0.46820 
             -0.55846               0.01162               0.51035 
             -0.58098               0.01166               0.54022 
             -0.59671               0.01135               0.55744 
             -0.60493               0.01065               0.56290 
             -0.60538               0.00958               0.55864 
             -0.59809               0.00817               0.54729 
             -0.58328               0.00645               0.53181 
             -0.56136               0.00448               0.51511 
             -0.53273               0.00233               0.49972 
             -0.49780               0.00004               0.48740 
             -0.45681              -0.00231               0.47892 
             -0.40949              -0.00466               0.47333 
             -0.35513              -0.00690               0.46853 
             -0.29524              -0.00896               0.46388 
             -0.23109              -0.01077               0.45759 
             -0.16365              -0.01226               0.44697 
             -0.09420              -0.01335               0.42932 
             -0.02424              -0.01402               0.40231 
              0.04452              -0.01423               0.36429 
              0.11038              -0.01400               0.31448 
              0.17176              -0.01336               0.25313 
              0.22737              -0.01238               0.18153 
              0.27633              -0.01112               0.10189 
              0.31824              -0.00967               0.01717 
              0.35315              -0.00810              -0.06916 
              0.38151              -0.00651              -0.15338 
              0.40410              -0.00494              -0.23182 
              0.42186              -0.00346              -0.30103 
              0.43582              -0.00209              -0.35798 
              0.44697              -0.00088              -0.40017 
              0.45619               0.00016              -0.42570 
              0.46418               0.00101              -0.43334 
              0.47140               0.00168              -0.42256 
              0.47807               0.00213              -0.39359 
              0.48414               0.00237              -0.34742 
              0.48935               0.00239              -0.28587 
              0.49317               0.00217              -0.21157 
              0.49494               0.00171              -0.12801 
              0.49387               0.00101              -0.03936 
              0.48916               0.00009               0.04961 
              0.48013              -0.00103               0.13391 
              0.46632              -0.00229               0.20868 
              0.44763              -0.00365               0.26964 
              0.42436              -0.00502               0.31350 
              0.39728              -0.00633               0.33837 
              0.36750              -0.00749               0.34395 
              0.33644              -0.00843               0.33158 
              0.30565              -0.00909               0.30412 
              0.27663              -0.00943               0.26561 
              0.25076              -0.00941               0.22092 
              0.22917              -0.00905               0.17522 
              0.21271              -0.00833               0.13361 
              0.20194              -0.00729               0.10069 
              0.19717              -0.00592               0.08024 
              0.19849              -0.00427               0.07503 
              0.20581              -0.00235               0.08668 
              0.21885              -0.00019               0.11549 
              0.23715               0.00218               0.16047 
              0.26005               0.00471               0.21924 
              0.28660               0.00733               0.28820 
              0.31561               0.00997               0.36258 
              0.34558               0.01251               0.43677 
              0.37452               0.01485               0.50445 
              0.40042               0.01686               0.55948 
              0.42174               0.01843               0.59684 
              0.43780               0.01946               0.61343 
              0.44804               0.01990               0.60756 
              0.45205               0.01973               0.57913 
              0.44988               0.01896               0.52989 
              0.44191               0.01766               0.46310 
              0.42825               0.01592               0.38262 
              0.40985               0.01384               0.29360 
              0.38896               0.01154               0.20263 
              0.36689               0.00911               0.11504 
              0.34471               0.00665               0.03533 
              0.32320               0.00422              -0.03305 
              0.30285               0.00190              -0.08778 
              0.28388              -0.00029              -0.12764 
              0.26627              -0.00231              -0.15246 
              0.24981              -0.00412              -0.16296 
              0.23415              -0.00570              -0.16061 
              0.21879              -0.00703              -0.14757 
              0.20317              -0.00808              -0.12641 
              0.18671              -0.00884              -0.09995 
              0.16883              -0.00928              -0.07106 
              0.14902              -0.00940              -0.04241 
              0.12684              -0.00920              -0.01630 
              0.10198              -0.00870               0.00554 
              0.07421              -0.00792               0.02206 
              0.04341              -0.00692               0.03300 
              0.00955              -0.00574               0.03890 
             -0.02736              -0.00444               0.04100 
             -0.06727              -0.00311               0.04114 
             -0.11015              -0.00179               0.04156 
             -0.15596              -0.00057               0.04467 
             -0.20466               0.00052               0.05270 
             -0.25612               0.00140               0.06749 
             -0.31016               0.00205               0.09034 
             -0.36643               0.00243               0.12175 
             -0.42437               0.00251               0.16132 
             -0.48305               0.00228               0.20762 
             -0.54037               0.00175               0.25734 
             -0.59334               0.00092               0.30578 
             -0.64239              -0.00017               0.35149 
             -0.68591              -0.00148               0.39084 
             -0.72197              -0.00295               0.41995 
             -0.74879              -0.00451               0.43555 
             -0.76505              -0.00607               0.43541 
             -0.77007              -0.00755               0.41874 
             -0.76389              -0.00889               0.38631 
             -0.74729              -0.01002               0.34050 
             -0.72166              -0.01089               0.28497 
             -0.68879              -0.01147               0.22434 
             -0.65062              -0.01176               0.16366 
             -0.60876              -0.01175               0.10764 
             -0.56332              -0.01145               0.05925 
             -0.51674              -0.01088               0.02351 
             -0.47119              -0.01004               0.00454 
             -0.42750              -0.00897               0.00425 
             -0.38614              -0.00766               0.02318 
             -0.34737              -0.00614               0.06049 
             -0.31127              -0.00444               0.11387 
             -0.27788              -0.00257               0.17965 
             -0.24721              -0.00059               0.25281 
             -0.21935               0.00145               0.32732 
             -0.19443               0.00348               0.39653 
             -0.17268               0.00541               0.45369 
             -0.15432               0.00715               0.49264 
             -0.13957               0.00862               0.50846 
             -0.12855               0.00974               0.49807 
             -0.12122               0.01047               0.46054 
             -0.11741               0.01080               0.39726 
             -0.11680               0.01074               0.31179 
             -0.11899               0.01034               0.20933 
             -0.12354               0.00965               0.09620 
             -0.13001               0.00875              -0.02091 
             -0.13802               0.00772              -0.13544 
             -0.14724               0.00662              -0.24153 
             -0.15747               0.00551              -0.33420 
             -0.16855               0.00444              -0.40956 
             -0.18037               0.00343              -0.46474 
             -0.19283               0.00253              -0.49788 
             -0.20583               0.00174              -0.50804 
             -0.21919               0.00109              -0.49505 
             -0.23260               0.00059              -0.45955 
             -0.24566               0.00026              -0.40293 
             -0.25775               0.00011              -0.32738 
             -0.26811               0.00017              -0.23591 
             -0.27579               0.00044              -0.13237 
             -0.27971               0.00093              -0.02132 
             -0.27878               0.00164               0.09205 
             -0.27193               0.00255               0.20232 
             -0.25833               0.00362               0.30414 
             -0.23746               0.00481               0.39279 
             -0.20920               0.00604               0.46460 
             -0.17391               0.00723               0.51736 
             -0.13237               0.00830               0.55055 
             -0.08566               0.00917               0.56537 
             -0.03504               0.00977               0.56452 
              0.01822               0.01006               0.55187 
              0.07299               0.01000               0.53190 
              0.12833               0.00956               0.50911 
              0.18349               0.00877               0.48752 
              0.23797               0.00760               0.47030 
              0.29135               0.00612               0.45944 
              0.34328               0.00435               0.45570 
              0.39321               0.00231               0.45840 
              0.44002               0.00008               0.46524 
              0.48298              -0.00229               0.47345 
              0.52209              -0.00473               0.48056 
              0.55670              -0.00713               0.48326 
              0.58593              -0.00939               0.47824 
              0.60906              -0.01143               0.46285 
              0.62563              -0.01317               0.43543 
              0.63553              -0.01454               0.39558 
              0.63903              -0.01550               0.34412 
              0.63676              -0.01603               0.28310 
              0.62967              -0.01615               0.21549 
              0.61877              -0.01587               0.14478 
              0.60474              -0.01525               0.07427 
              0.58808              -0.01433               0.00703 
              0.57084              -0.01317              -0.05247 
              0.55415              -0.01182              -0.10113 
              0.53857              -0.01032              -0.13700 
              0.52437              -0.00870              -0.15904 
              0.51148              -0.00701              -0.16718 
              0.49961              -0.00526              -0.16227 
              0.48819              -0.00349              -0.14602 
              0.47651              -0.00173              -0.12091 
              0.46374              -0.00001              -0.08999 
              0.44902               0.00163              -0.05676 
              0.43156               0.00314              -0.02486 
              0.41068               0.00447               0.00208 
              0.38594               0.00557               0.02087 
              0.35722               0.00641               0.02905 
              0.32475               0.00696               0.02513 
              0.28910               0.00719               0.00871 
              0.25108               0.00712              -0.01946 
              0.21170               0.00676              -0.05761 
              0.17203               0.00615              -0.10304 
              0.13312               0.00533              -0.15244 
              0.09588               0.00435              -0.20209 
              0.06108               0.00326              -0.24816 
              0.02927               0.00211              -0.28689 
              0.00085               0.00096              -0.31480 
             -0.02391              -0.00016              -0.32883 
             -0.04484              -0.00122              -0.32642 
             -0.06178              -0.00218              -0.30563 
             -0.07456              -0.00302              -0.26524 
             -0.08294              -0.00370              -0.20480 
             -0.08664              -0.00419              -0.12486 
             -0.08527              -0.00445              -0.02700 
             -0.07845              -0.00444               0.08598 
             -0.06589              -0.00414               0.21004 
             -0.04744              -0.00350               0.33990 
             -0.02330              -0.00253               0.46931 
              0.00593              -0.00122               0.59136 
              0.03912               0.00038               0.69908 
              0.07465               0.00221               0.78614 
              0.11048               0.00417               0.84757 
              0.14435               0.00615               0.88039 
              0.17391               0.00802               0.88390 
              0.19721               0.00968               0.85999 
              0.21305               0.01104               0.81314 
              0.22037               0.01203               0.74901 
              0.21860               0.01263               0.67401 
              0.20777               0.01284               0.59489 
              0.18833               0.01268               0.51800 
              0.16081               0.01217               0.44856 
              0.12575               0.01136               0.39041 
              0.08374               0.01028               0.34586 
              0.03534               0.00898               0.31565 
             -0.01881               0.00749               0.29900 
             -0.07793               0.00586               0.29380 
             -0.14098               0.00413               0.29692 
             -0.20664               0.00236               0.30446 
             -0.27326               0.00059               0.31212 
             -0.33889              -0.00111               0.31559 
             -0.40146              -0.00268               0.31094 
             -0.45887              -0.00408               0.29495 
             -0.50916              -0.00525               0.26541 
             -0.55074              -0.00617               0.22136 
             -0.58323              -0.00682               0.16391 
             -0.60654              -0.00721               0.09509 
             -0.62089              -0.00735               0.01773 
             -0.62706              -0.00728              -0.06461 
             -0.62640              -0.00703              -0.14778 
             -0.62044              -0.00664              -0.22761 
             -0.61069              -0.00615              -0.30033 
             -0.59848              -0.00559              -0.36281 
             -0.58492              -0.00500              -0.41259 
             -0.57082              -0.00441              -0.44801 
             -0.55670              -0.00383              -0.46818 
             -0.54279              -0.00328              -0.47296 
             -0.52907              -0.00277              -0.46294 
             -0.51530              -0.00234              -0.43930 
             -0.50106              -0.00197              -0.40385 
             -0.48584              -0.00170              -0.35887 
             -0.46908              -0.00152              -0.30705 
             -0.45024              -0.00146              -0.25137 
             -0.42886              -0.00152              -0.19487 
             -0.40469              -0.00170              -0.14046 
             -0.37769              -0.00200              -0.09064 
             -0.34808              -0.00241              -0.04737 
             -0.31633              -0.00292              -0.01179 
             -0.28315              -0.00351               0.01587 
             -0.24936              -0.00415               0.03635 
             -0.21589              -0.00482               0.05130 
             -0.18363              -0.00547               0.06321 
             -0.15337              -0.00609               0.07513 
             -0.12570              -0.00663               0.09043 
             -0.10105              -0.00707               0.11250 
             -0.07965              -0.00738               0.14448 
             -0.06153              -0.00753               0.18890 
             -0.04659              -0.00749               0.24736 
             -0.03461              -0.00723               0.32025 
             -0.02528              -0.00671               0.40643 
             -0.01823              -0.00592               0.50311 
             -0.01303              -0.00483               0.60578 
             -0.00928              -0.00344               0.70837 
             -0.00653              -0.00179               0.80367 
             -0.00437               0.00008               0.88391 
             -0.00241               0.00210               0.94166 
             -0.00034               0.00416               0.97082 
              0.00205               0.00613               0.96748 
              0.00485               0.00792               0.93059 
              0.00806               0.00941               0.86209 
              0.01158               0.01054               0.76673 
              0.01529               0.01128               0.65144 
              0.01907               0.01161               0.52440 
              0.02279               0.01158               0.39417 
              0.02641               0.01123               0.26878 
              0.02994               0.01062               0.15515 
              0.03343               0.00979               0.05869 
              0.03700               0.00881              -0.01686 
              0.04081               0.00771              -0.06945 
              0.04504               0.00653              -0.09856 
              0.04992               0.00530              -0.10515 
              0.05565               0.00404              -0.09145 
              0.06247               0.00278              -0.06085 
              0.07057               0.00155              -0.01771 
              0.08010               0.00037               0.03281 
              0.09117              -0.00071               0.08507 
              0.10379              -0.00167               0.13331 
              0.11790              -0.00246               0.17206 
              0.13335              -0.00305               0.19662 
              0.14990              -0.00343               0.20352 
              0.16731              -0.00357               0.19082 
              0.18530              -0.00349               0.15833 
              0.20368              -0.00320               0.10756 
              0.22231              -0.00273               0.04156 
              0.24119              -0.00211              -0.03550 
              0.26042              -0.00139              -0.11869 
              0.28023              -0.00059              -0.20285 
              0.30095               0.00024              -0.28295 
              0.32294               0.00108              -0.35448 
              0.34659               0.00190              -0.41364 
              0.37229               0.00268              -0.45740 
              0.40039               0.00341              -0.48355 
              0.43113               0.00407              -0.49070 
              0.46462               0.00465              -0.47828 
              0.50074               0.00513              -0.44650 
              0.53910               0.00548              -0.39638 
              0.57899               0.00570              -0.32977 
              0.61930               0.00574              -0.24934 
              0.65848               0.00558              -0.15856 
              0.69370               0.00521              -0.06261 
              0.72188               0.00459               0.03299 
              0.74294               0.00372               0.12592 
              0.75533               0.00260               0.21243 
              0.75742               0.00124               0.28905 
              0.74809              -0.00032               0.35338 
              0.72686              -0.00203               0.40432 
              0.69398              -0.00385               0.44226 
              0.65035              -0.00568               0.46889 
              0.59734              -0.00746               0.48694 
              0.53666              -0.00918               0.49977 
              0.47030              -0.01073               0.51121 
              0.39971              -0.01205               0.52414 
              0.32540              -0.01308               0.53974 
              0.24961              -0.01380               0.55997 
              0.17481              -0.01415               0.58572 
              0.10238              -0.01412               0.61540 
              0.03359              -0.01369               0.64589 
             -0.03022              -0.01285               0.67317 
             -0.08751              -0.01163               0.69298 
