              0.00688              -0.01615               1.00302 
              0.00456              -0.01514               0.96216 
              0.00189              -0.01410               0.87301 
             -0.00093              -0.01316               0.75316 
             -0.00374              -0.01245               0.62421 
             -0.00639              -0.01204               0.50808 
             -0.00881              -0.01199               0.42355 
             -0.01094              -0.01228               0.38401 
             -0.01275              -0.01286               0.39603 
             -0.01420              -0.01366               0.45889 
             -0.01528              -0.01454               0.56474 
             -0.01595              -0.01533               0.69950 
             -0.01619              -0.01583               0.84451 
             -0.01597              -0.01584               0.97910 
             -0.01533              -0.01520               1.08385 
             -0.01433              -0.01378               1.14403 
             -0.01310              -0.01155               1.15232 
             -0.01176              -0.00860               1.11013 
             -0.01047              -0.00507               1.02689 
             -0.00934              -0.00114               0.91773 
             -0.00844               0.00297               0.80010 
             -0.00782               0.00707               0.69031 
             -0.00745               0.01098               0.60080 
             -0.00726               0.01454               0.53843 
             -0.00717               0.01761               0.50405 
             -0.00707               0.02004               0.49301 
             -0.00683               0.02169               0.49655 
             -0.00636               0.02246               0.50372 
             -0.00556               0.02224               0.50366 
             -0.00438               0.02104               0.48773 
             -0.00281               0.01891               0.45125 
             -0.00088               0.01600               0.39448 
              0.00134               0.01250               0.32253 
              0.00377               0.00864               0.24449 
              0.00631               0.00464               0.17173 
              0.00889               0.00071               0.11601 
              0.01143              -0.00301               0.08758 
              0.01386              -0.00638               0.09351 
              0.01611              -0.00931               0.13649 
              0.01809              -0.01175               0.21400 
              0.01972              -0.01361               0.31820 
              0.02089              -0.01487               0.43634 
              0.02150              -0.01548               0.55226 
              0.02147              -0.01546               0.64857 
              0.02076              -0.01486               0.70966 
              0.01942              -0.01379               0.72468 
              0.01755              -0.01242               0.68989 
              0.01534              -0.01093               0.60967 
              0.01298              -0.00952               0.49578 
              0.01065              -0.00835               0.36514 
              0.00852              -0.00753               0.23689 
              0.00669              -0.00713               0.12920 
              0.00519              -0.00717               0.05667 
              0.00402              -0.00762               0.02853 
              0.00313              -0.00841               0.04748 
              0.00244              -0.00944               0.10936 
              0.00185              -0.01057               0.20343 
              0.00124              -0.01166               0.31334 
              0.00050              -0.01251               0.41922 
             -0.00047              -0.01297               0.50042 
             -0.00174              -0.01289               0.53909 
             -0.00334              -0.01221               0.52338 
             -0.00523              -0.01092               0.44984 
             -0.00737              -0.00911               0.32396 
             -0.00966              -0.00691               0.15891 
             -0.01201              -0.00450              -0.02714 
             -0.01433              -0.00201              -0.21439 
             -0.01655               0.00042              -0.38439 
             -0.01863               0.00271              -0.52232 
             -0.02049               0.00481              -0.61814 
             -0.02209               0.00669              -0.66700 
             -0.02335               0.00835              -0.66904 
             -0.02417               0.00978              -0.62888 
             -0.02443               0.01095              -0.55487 
             -0.02400               0.01188              -0.45824 
             -0.02280               0.01253              -0.35178 
             -0.02074               0.01293              -0.24844 
             -0.01784               0.01310              -0.15955 
             -0.01418               0.01307              -0.09330 
             -0.00992               0.01291              -0.05342 
             -0.00528               0.01271              -0.03883 
             -0.00050               0.01254              -0.04396 
              0.00418               0.01247              -0.06005 
              0.00856               0.01254              -0.07699 
              0.01248               0.01277              -0.08521 
              0.01585               0.01314              -0.07756 
              0.01859               0.01357              -0.05056 
              0.02067               0.01396              -0.00513 
              0.02207               0.01419               0.05354 
              0.02279               0.01409               0.11678 
              0.02288               0.01353               0.17392 
              0.02238               0.01238               0.21428 
              0.02140               0.01058               0.22936 
              0.02009               0.00811               0.21456 
              0.01862               0.00504               0.17033 
              0.01716               0.00149               0.10215 
              0.01585              -0.00238               0.01954 
              0.01482              -0.00640              -0.06567 
              0.01414              -0.01041              -0.14150 
              0.01381              -0.01425              -0.19779 
              0.01381              -0.01778              -0.22780 
              0.01405              -0.02085              -0.22928 
              0.01443              -0.02334              -0.20483 
              0.01483              -0.02508              -0.16169 
              0.01515              -0.02594              -0.11074 
              0.01530              -0.02581              -0.06499 
              0.01525              -0.02463              -0.03745 
              0.01502              -0.02245              -0.03884 
              0.01473              -0.01940              -0.07556 
              0.01454              -0.01568              -0.14837 
              0.01465              -0.01158              -0.25209 
              0.01530              -0.00740              -0.37645 
              0.01675              -0.00338              -0.50773 
              0.01923               0.00024              -0.63079 
              0.02296               0.00334              -0.73102 
              0.02816               0.00581              -0.79598 
              0.03503               0.00763              -0.81646 
              0.04372               0.00878              -0.78734 
              0.05430               0.00927              -0.70799 
              0.06673               0.00912              -0.58270 
              0.08073               0.00835              -0.42074 
              0.09576               0.00705              -0.23608 
              0.11096               0.00532              -0.04640 
              0.12520               0.00334               0.12881 
              0.13718               0.00131               0.27099 
              0.14567              -0.00051               0.36558 
              0.14972              -0.00187               0.40479 
              0.14884              -0.00257               0.38915 
              0.14309              -0.00249               0.32732 
              0.13301              -0.00159               0.23425 
              0.11941               0.00007               0.12819 
              0.10322               0.00238               0.02735 
              0.08527               0.00521              -0.05296 
              0.06626               0.00838              -0.10236 
              0.04672               0.01171              -0.11634 
              0.02711               0.01501              -0.09643 
              0.00785               0.01804              -0.04958 
             -0.01054               0.02058               0.01315 
             -0.02747               0.02240               0.07827 
             -0.04227               0.02330               0.13208 
             -0.05428               0.02315               0.16294 
             -0.06299               0.02190               0.16322 
             -0.06811               0.01961               0.13059 
             -0.06962               0.01645               0.06821 
             -0.06785               0.01265              -0.01604 
             -0.06330               0.00847              -0.11128 
             -0.05663               0.00416              -0.20571 
             -0.04852              -0.00004              -0.28855 
             -0.03962              -0.00396              -0.35164 
             -0.03050              -0.00748              -0.39040 
             -0.02164              -0.01050              -0.40420 
             -0.01345              -0.01296              -0.39610 
             -0.00630              -0.01480              -0.37219 
             -0.00053              -0.01602              -0.34044 
              0.00359              -0.01663              -0.30938 
              0.00586              -0.01667              -0.28658 
              0.00614              -0.01622              -0.27725 
              0.00442              -0.01541              -0.28326 
              0.00076              -0.01438              -0.30264 
             -0.00468              -0.01328              -0.32979 
             -0.01168              -0.01227              -0.35630 
             -0.02004              -0.01148              -0.37222 
             -0.02956              -0.01098              -0.36763 
             -0.04005              -0.01084              -0.33418 
             -0.05134              -0.01106              -0.26664 
             -0.06324              -0.01159              -0.16407 
             -0.07544              -0.01231              -0.03078 
             -0.08753              -0.01309               0.12344 
             -0.09891              -0.01370               0.28377 
             -0.10890              -0.01394               0.43197 
             -0.11673              -0.01357               0.54903 
             -0.12178              -0.01244               0.61851 
             -0.12365              -0.01047               0.62993 
             -0.12231              -0.00769               0.58110 
             -0.11809              -0.00424               0.47886 
             -0.11163              -0.00032               0.33772 
             -0.10369               0.00381               0.17716 
             -0.09502               0.00794               0.01809 
             -0.08621               0.01188              -0.12037 
             -0.07763               0.01548              -0.22328 
             -0.06940               0.01860              -0.28143 
             -0.06145               0.02116              -0.29181 
             -0.05356               0.02302              -0.25766 
             -0.04542               0.02409              -0.18786 
             -0.03672               0.02424              -0.09591 
             -0.02723               0.02341               0.00162 
             -0.01686               0.02156               0.08731 
             -0.00570               0.01879               0.14542 
              0.00599               0.01528               0.16450 
              0.01778               0.01130               0.13930 
              0.02919               0.00719               0.07170 
              0.03980               0.00328              -0.02980 
              0.04924              -0.00013              -0.15184 
              0.05730              -0.00282              -0.27853 
              0.06392              -0.00468              -0.39403 
              0.06908              -0.00565              -0.48464 
              0.07283              -0.00575              -0.54024 
              0.07516              -0.00504              -0.55510 
              0.07605              -0.00361              -0.52812 
              0.07540              -0.00160              -0.46267 
              0.07310               0.00084              -0.36609 
              0.06903               0.00349              -0.24888 
              0.06319               0.00612              -0.12345 
              0.05571               0.00843              -0.00258 
              0.04692               0.01014               0.10247 
              0.03738               0.01098               0.18365 
              0.02780               0.01076               0.23741 
              0.01899               0.00936               0.26518 
              0.01174               0.00678               0.27283 
              0.00675               0.00312               0.26919 
              0.00456              -0.00143               0.26409 
              0.00551              -0.00664               0.26616 
              0.00972              -0.01221               0.28094 
              0.01711              -0.01782               0.30969 
              0.02734              -0.02309               0.34897 
              0.03986              -0.02766               0.39112 
              0.05385              -0.03116               0.42573 
              0.06831              -0.03327               0.44171 
              0.08212              -0.03377               0.42967 
              0.09422              -0.03260               0.38415 
              0.10375              -0.02986               0.30498 
              0.11014              -0.02579               0.19767 
              0.11319              -0.02073               0.07253 
              0.11305              -0.01509              -0.05709 
              0.11005              -0.00923              -0.17687 
              0.10468              -0.00348              -0.27372 
              0.09738               0.00191              -0.33743 
              0.08852               0.00675              -0.36192 
              0.07838               0.01091              -0.34587 
              0.06713               0.01427              -0.29300 
              0.05491               0.01677              -0.21180 
              0.04189               0.01832              -0.11474 
              0.02830               0.01891              -0.01690 
              0.01449               0.01855               0.06602 
              0.00092               0.01735               0.12020 
             -0.01190               0.01550               0.13602 
             -0.02353               0.01323               0.11000 
             -0.03362               0.01083               0.04548 
             -0.04204               0.00859              -0.04783 
             -0.04884               0.00673              -0.15555 
             -0.05429               0.00544              -0.26087 
             -0.05876               0.00481              -0.34706 
             -0.06266               0.00489              -0.39950 
             -0.06639               0.00565              -0.40734 
             -0.07024               0.00702              -0.36454 
             -0.07441               0.00888              -0.27062 
             -0.07890               0.01106              -0.13104 
             -0.08354               0.01333               0.04285 
             -0.08800               0.01540               0.23440 
             -0.09176               0.01696               0.42327 
             -0.09427               0.01769               0.58804 
             -0.09500               0.01733               0.70955 
             -0.09359               0.01574               0.77440 
             -0.08996               0.01295               0.77754 
             -0.08430               0.00912               0.72322 
             -0.07707               0.00455               0.62383 
             -0.06887              -0.00040               0.49709 
             -0.06034              -0.00537               0.36245 
             -0.05205              -0.01007               0.23765 
             -0.04445              -0.01424               0.13606 
             -0.03789              -0.01770               0.06534 
             -0.03260              -0.02031               0.02708 
             -0.02875              -0.02197               0.01744 
             -0.02646              -0.02262               0.02837 
             -0.02579              -0.02225               0.04931 
             -0.02674              -0.02091               0.06910 
             -0.02927              -0.01873               0.07795 
             -0.03324              -0.01591               0.06914 
             -0.03844              -0.01270               0.04007 
             -0.04462              -0.00942              -0.00734 
             -0.05148              -0.00634              -0.06722 
             -0.05872              -0.00374              -0.13088 
             -0.06604              -0.00182              -0.18847 
             -0.07316              -0.00070              -0.23065 
             -0.07975              -0.00045              -0.25007 
             -0.08548              -0.00106              -0.24255 
             -0.08992              -0.00246              -0.20769 
             -0.09262              -0.00450              -0.14910 
             -0.09304              -0.00699              -0.07397 
             -0.09070              -0.00968               0.00776 
             -0.08520              -0.01224               0.08492 
             -0.07632              -0.01436               0.14688 
             -0.06413              -0.01572               0.18553 
             -0.04898              -0.01605               0.19689 
             -0.03148              -0.01519               0.18208 
             -0.01238              -0.01308               0.14736 
              0.00751              -0.00976               0.10319 
              0.02748              -0.00535               0.06256 
              0.04694              -0.00004               0.03887 
              0.06545               0.00595               0.04384 
              0.08266               0.01238               0.08554 
              0.09822               0.01897               0.16685 
              0.11171               0.02536               0.28438 
              0.12258               0.03116               0.42814 
              0.13015               0.03588               0.58205 
              0.13375               0.03905               0.72571 
              0.13285               0.04023               0.83744 
              0.12728               0.03916               0.89813 
              0.11740               0.03584               0.89519 
              0.10405               0.03053               0.82532 
              0.08849               0.02377               0.69534 
              0.07214               0.01620               0.52083 
              0.05632               0.00848               0.32292 
              0.04206               0.00118               0.12444 
              0.03004              -0.00530              -0.05366 
              0.02059              -0.01070              -0.19485 
              0.01377              -0.01490              -0.28839 
              0.00947              -0.01785              -0.32974 
              0.00749              -0.01955              -0.32034 
              0.00759              -0.02004              -0.26698 
              0.00948              -0.01936              -0.18093 
              0.01284              -0.01761              -0.07669 
              0.01727              -0.01496               0.02967 
              0.02236              -0.01164               0.12253 
              0.02763              -0.00796               0.18900 
              0.03267              -0.00430               0.22093 
              0.03710              -0.00104               0.21622 
              0.04068               0.00149               0.17906 
              0.04332               0.00304               0.11899 
              0.04505               0.00346               0.04907 
              0.04602               0.00270              -0.01643 
              0.04641               0.00084              -0.06435 
              0.04640              -0.00201              -0.08448 
              0.04615              -0.00566              -0.07084 
              0.04573              -0.00985              -0.02236 
              0.04512              -0.01429               0.05712 
              0.04423              -0.01864               0.15932 
              0.04288              -0.02250               0.27268 
              0.04084              -0.02548               0.38404 
              0.03786              -0.02721               0.48071 
              0.03371              -0.02743               0.55274 
              0.02819              -0.02601               0.59462 
              0.02118              -0.02299               0.60636 
              0.01259              -0.01857               0.59327 
              0.00244              -0.01309               0.56466 
             -0.00927              -0.00694               0.53173 
             -0.02246              -0.00054               0.50511 
             -0.03701               0.00572               0.49262 
             -0.05267               0.01147               0.49763 
             -0.06908               0.01641               0.51826 
             -0.08563               0.02028               0.54765 
             -0.10152               0.02287               0.57515 
             -0.11581               0.02409               0.58837 
             -0.12748               0.02393               0.57574 
             -0.13566               0.02253               0.52910 
             -0.13978               0.02015               0.44564 
             -0.13966               0.01714               0.32875 
             -0.13553               0.01388               0.18767 
             -0.12798               0.01076               0.03589 
             -0.11779               0.00808              -0.11095 
             -0.10580               0.00607              -0.23733 
             -0.09276               0.00488              -0.32982 
             -0.07925               0.00457              -0.37848 
             -0.06572               0.00512              -0.37778 
             -0.05249               0.00649              -0.32716 
             -0.03982               0.00852              -0.23123 
             -0.02795               0.01104              -0.09976 
             -0.01719               0.01376               0.05296 
             -0.00791               0.01634               0.20928 
             -0.00053               0.01839               0.35039 
              0.00458               0.01952               0.45900 
              0.00712               0.01941               0.52237 
              0.00701               0.01785               0.53475 
              0.00438               0.01479               0.49867 
             -0.00043               0.01038               0.42444 
             -0.00694               0.00484               0.32829 
             -0.01463              -0.00149               0.22937 
             -0.02299              -0.00830               0.14667 
             -0.03158              -0.01524               0.09623 
             -0.03999              -0.02202               0.08915 
             -0.04786              -0.02833               0.13030 
             -0.05480              -0.03385               0.21779 
             -0.06035              -0.03820               0.34301 
             -0.06400              -0.04099               0.49137 
             -0.06525              -0.04186               0.64395 
             -0.06368              -0.04055               0.78001 
             -0.05904              -0.03698               0.88033 
             -0.05140              -0.03134               0.93060 
             -0.04113              -0.02409               0.92412 
             -0.02886              -0.01587               0.86299 
             -0.01538              -0.00744               0.75733 
             -0.00144               0.00049               0.62292 
              0.01233               0.00736               0.47786 
              0.02551               0.01276               0.33923 
              0.03785               0.01650               0.22054 
              0.04927               0.01850               0.13017 
              0.05974               0.01884               0.07096 
              0.06924               0.01764               0.04066 
              0.07773               0.01512               0.03299 
              0.08510               0.01156               0.03915 
              0.09122               0.00730               0.04953 
              0.09598               0.00272               0.05544 
              0.09930              -0.00174               0.05070 
              0.10120              -0.00566               0.03264 
              0.10179              -0.00868               0.00259 
              0.10129              -0.01051              -0.03439 
              0.09995              -0.01097              -0.07048 
              0.09806              -0.00997              -0.09644 
              0.09583              -0.00753              -0.10319 
              0.09339              -0.00374              -0.08340 
              0.09075               0.00123              -0.03279 
              0.08779               0.00712               0.04882 
              0.08425               0.01362               0.15693 
              0.07983               0.02030               0.28243 
              0.07417               0.02666               0.41238 
              0.06703               0.03212               0.53164 
              0.05829               0.03614               0.62525 
              0.04808               0.03826               0.68120 
              0.03677               0.03820               0.69294 
              0.02491               0.03591               0.66093 
              0.01319               0.03162               0.59288 
              0.00229               0.02570               0.50237 
             -0.00720               0.01867               0.40650 
             -0.01481               0.01103               0.32294 
             -0.02021               0.00328               0.26718 
             -0.02319              -0.00419               0.25020 
             -0.02361              -0.01103               0.27695 
             -0.02140              -0.01698               0.34548 
             -0.01658              -0.02176               0.44682 
             -0.00933              -0.02516               0.56578 
             -0.00002              -0.02700               0.68268 
              0.01067              -0.02721               0.77628 
              0.02185              -0.02588               0.82735 
              0.03243              -0.02325               0.82241 
              0.04134              -0.01972               0.75644 
              0.04770              -0.01579               0.63400 
              0.05093              -0.01197               0.46816 
              0.05079              -0.00870               0.27788 
              0.04736              -0.00628               0.08442 
              0.04088              -0.00489              -0.09193 
              0.03167              -0.00458              -0.23447 
              0.02006              -0.00529              -0.33153 
              0.00630              -0.00690              -0.37702 
             -0.00936              -0.00924              -0.37040 
             -0.02665              -0.01208              -0.31623 
             -0.04518              -0.01515              -0.22354 
             -0.06437              -0.01810              -0.10486 
             -0.08345              -0.02057               0.02499 
             -0.10146              -0.02216               0.15070 
             -0.11734              -0.02254               0.25844 
             -0.13011              -0.02143               0.33802 
             -0.13904              -0.01874               0.38445 
             -0.14378              -0.01449               0.39871 
             -0.14436              -0.00891               0.38737 
             -0.14123              -0.00231               0.36113 
             -0.13506               0.00490               0.33259 
             -0.12660               0.01231               0.31384 
             -0.11660               0.01949               0.31423 
             -0.10564               0.02603               0.33880 
             -0.09419               0.03155               0.38744 
             -0.08257               0.03569               0.45486 
             -0.07098               0.03811               0.53150 
             -0.05962               0.03857               0.60517 
             -0.04868               0.03699               0.66330 
             -0.03835               0.03343               0.69545 
             -0.02884               0.02819               0.69546 
             -0.02033               0.02175               0.66282 
             -0.01295               0.01470               0.60280 
             -0.00675               0.00767               0.52538 
             -0.00171               0.00123               0.44324 
              0.00227              -0.00415               0.36927 
              0.00533              -0.00814               0.31425 
              0.00760              -0.01055               0.28497 
              0.00921              -0.01131               0.28313 
              0.01027              -0.01046               0.30503 
              0.01081              -0.00818               0.34206 
              0.01086              -0.00472               0.38206 
              0.01044              -0.00048               0.41136 
              0.00956               0.00407               0.41724 
              0.00824               0.00841               0.39044 
              0.00656               0.01203               0.32706 
              0.00464               0.01453               0.22955 
              0.00261               0.01562               0.10637 
              0.00065               0.01516              -0.02934 
             -0.00107               0.01316              -0.16189 
             -0.00237               0.00973              -0.27524 
             -0.00306               0.00503              -0.35498 
             -0.00296              -0.00074              -0.38984 
             -0.00184              -0.00738              -0.37279 
              0.00054              -0.01464              -0.30172 
              0.00444              -0.02222              -0.17997 
              0.01011              -0.02972              -0.01657 
              0.01773              -0.03666               0.17398 
              0.02737              -0.04242               0.37269 
              0.03887              -0.04638               0.55809 
              0.05183              -0.04797               0.70927 
              0.06566              -0.04684               0.80943 
              0.07957              -0.04293               0.84919 
              0.09282              -0.03654               0.82852 
              0.10475              -0.02824               0.75677 
              0.11497              -0.01879               0.65060 
              0.12329              -0.00897               0.53065 
              0.12972               0.00053               0.41766 
              0.13434               0.00917               0.32920 
              0.13716               0.01656               0.27729 
              0.13811               0.02244               0.26720 
              0.13693               0.02665               0.29724 
              0.13326               0.02909               0.35938 
              0.12669               0.02971               0.44055 
              0.11689               0.02859               0.52463 
              0.10378               0.02591               0.59501 
              0.08765               0.02201               0.63734 
              0.06915               0.01735               0.64203 
              0.04926               0.01247               0.60591 
              0.02912               0.00792               0.53258 
              0.00988               0.00418               0.43138 
             -0.00752               0.00160               0.31541 
             -0.02239               0.00037               0.19889 
             -0.03435               0.00055               0.09479 
             -0.04326               0.00203               0.01296 
             -0.04915               0.00464              -0.04095 
             -0.05215               0.00811              -0.06585 
             -0.05248               0.01213              -0.06483 
             -0.05038               0.01630              -0.04435 
             -0.04615               0.02023              -0.01299 
             -0.04021               0.02351               0.02013 
             -0.03304               0.02575               0.04685 
             -0.02520               0.02664               0.06157 
             -0.01732               0.02600               0.06222 
             -0.01002               0.02375               0.05077 
             -0.00386               0.01999               0.03297 
              0.00071               0.01490               0.01740 
              0.00336               0.00875               0.01401 
              0.00387               0.00186               0.03248 
              0.00214              -0.00541               0.08039 
             -0.00183              -0.01271               0.16170 
             -0.00796              -0.01964               0.27547 
             -0.01603              -0.02578               0.41509 
             -0.02570              -0.03071               0.56838 
             -0.03645              -0.03402               0.71857 
             -0.04760              -0.03539               0.84662 
             -0.05838              -0.03467               0.93437 
             -0.06803              -0.03193               0.96816 
             -0.07595              -0.02752               0.94188 
             -0.08182              -0.02198               0.85855 
             -0.08565              -0.01597               0.72990 
             -0.08776              -0.01016               0.57414 
             -0.08868              -0.00511               0.41256 
             -0.08903              -0.00124               0.26592 
             -0.08939               0.00124               0.15152 
             -0.09019               0.00220               0.08116 
             -0.09171               0.00169               0.06004 
             -0.09396              -0.00017               0.08658 
             -0.09675              -0.00317               0.15269 
             -0.09967              -0.00700               0.24478 
             -0.10212              -0.01122               0.34531 
             -0.10339              -0.01533               0.43517 
             -0.10280              -0.01877               0.49657 
             -0.09979              -0.02100               0.51601 
             -0.09407              -0.02163               0.48678 
             -0.08567              -0.02042               0.41014 
             -0.07487              -0.01735               0.29494 
             -0.06218              -0.01260               0.15584 
             -0.04815              -0.00645               0.01058 
             -0.03330               0.00072              -0.12292 
             -0.01806               0.00855              -0.22898 
             -0.00271               0.01669              -0.29583 
              0.01254               0.02483              -0.31658 
              0.02752               0.03261              -0.28946 
              0.04198               0.03968              -0.21778 
              0.05560               0.04563              -0.10945 
              0.06789               0.05000               0.02381 
              0.07826               0.05233               0.16775 
              0.08606               0.05226               0.30730 
              0.09070               0.04955               0.42875 
              0.09179               0.04424               0.52182 
              0.08924               0.03661               0.58144 
              0.08330               0.02720               0.60841 
              0.07455               0.01674               0.60900 
              0.06379               0.00602               0.59335 
              0.05194              -0.00421               0.57312 
              0.03990              -0.01330               0.55896 
              0.02850              -0.02071               0.55828 
              0.01846              -0.02611               0.57381 
              0.01037              -0.02926               0.60308 
              0.00469              -0.03011               0.63889 
              0.00175              -0.02875               0.67078 
              0.00172              -0.02547               0.68723 
              0.00454              -0.02072               0.67821 
              0.00999              -0.01507               0.63745 
              0.01763              -0.00920               0.56406 
              0.02694              -0.00374               0.46292 
              0.03735               0.00074               0.34392 
              0.04833               0.00384               0.22020 
              0.05948               0.00532               0.10590 
              0.07046               0.00510               0.01395 
              0.08105               0.00324              -0.04578 
              0.09102              -0.00012              -0.06773 
              0.10013              -0.00474              -0.05135 
              0.10803              -0.01031              -0.00131 
              0.11426              -0.01642               0.07299 
              0.11833              -0.02258               0.15840 
              0.11970              -0.02824               0.23975 
              0.11796              -0.03282               0.30206 
              0.11293              -0.03581               0.33309 
              0.10473              -0.03682               0.32560 
              0.09378              -0.03570               0.27882 
              0.08078              -0.03250               0.19878 
              0.06652              -0.02750               0.09726 
              0.05178              -0.02108              -0.01009 
              0.03721              -0.01371              -0.10618 
              0.02321              -0.00583              -0.17483 
              0.01001               0.00217              -0.20273 
             -0.00239               0.00995              -0.18091 
             -0.01405               0.01720              -0.10574 
             -0.02509               0.02362               0.02035 
             -0.03559               0.02889               0.18851 
             -0.04554               0.03269               0.38374 
             -0.05478               0.03474               0.58593 
             -0.06306               0.03482               0.77219 
             -0.07006               0.03293               0.92016 
             -0.07545               0.02929               1.01199 
             -0.07902               0.02438               1.03782 
             -0.08074               0.01885               0.99785 
             -0.08075               0.01341               0.90211 
             -0.07934               0.00873               0.76813 
             -0.07685               0.00528               0.61715 
             -0.07362               0.00336               0.47013 
             -0.06991               0.00304               0.34437 
             -0.06586               0.00423               0.25138 
             -0.06151               0.00670               0.19608 
             -0.05685               0.01013               0.17699 
             -0.05180               0.01410               0.18727 
             -0.04633               0.01813               0.21619 
             -0.04050               0.02170               0.25113 
             -0.03445               0.02431               0.27969 
             -0.02846               0.02549               0.29170 
             -0.02290               0.02493               0.28092 
             -0.01820               0.02247               0.24602 
             -0.01480               0.01813               0.19056 
             -0.01307               0.01212               0.12215 
             -0.01330               0.00475               0.05087 
             -0.01570              -0.00359              -0.01253 
             -0.02033              -0.01247              -0.05851 
             -0.02716              -0.02145              -0.08014 
             -0.03604              -0.03009              -0.07413 
             -0.04669              -0.03795              -0.04125 
             -0.05865              -0.04456               0.01377 
             -0.07131              -0.04947               0.08294 
             -0.08387              -0.05226               0.15611 
             -0.09542              -0.05263               0.22270 
             -0.10499              -0.05043               0.27347 
             -0.11173              -0.04575               0.30233 
             -0.11496              -0.03889               0.30762 
             -0.11431              -0.03039               0.29269 
             -0.10973              -0.02089               0.26537 
             -0.10140              -0.01110               0.23678 
             -0.08969              -0.00168               0.21937 
             -0.07505               0.00678               0.22482 
             -0.05793               0.01382               0.26191 
             -0.03873               0.01908               0.33479 
             -0.01791               0.02228               0.44163 
              0.00399               0.02327               0.57403 
              0.02622               0.02204               0.71739 
              0.04783               0.01875               0.85248 
              0.06764               0.01377               0.95824 
              0.08442               0.00772               1.01562 
              0.09713               0.00137               1.01148 
              0.10512              -0.00445               0.94160 
              0.10829              -0.00900               0.81179 
              0.10711              -0.01175               0.63679 
              0.10246              -0.01242               0.43729 
              0.09541              -0.01100               0.23616 
              0.08702              -0.00764               0.05476 
              0.07821              -0.00264              -0.08971 
              0.06964               0.00369              -0.18578 
              0.06174               0.01099              -0.22824 
              0.05476               0.01886              -0.21811 
              0.04878               0.02689              -0.16205 
              0.04382               0.03455              -0.07158 
              0.03983               0.04127               0.03811 
              0.03673               0.04644               0.14989 
              0.03444               0.04947               0.24687 
              0.03286               0.04995               0.31487 
              0.03188               0.04767               0.34468 
              0.03142               0.04272               0.33367 
              0.03139               0.03547               0.28611 
              0.03175               0.02650               0.21225 
              0.03246               0.01649               0.12632 
              0.03353               0.00612               0.04407 
              0.03499              -0.00401              -0.01980 
              0.03686              -0.01340              -0.05359 
              0.03920              -0.02168              -0.05004 
              0.04200              -0.02854              -0.00702 
              0.04527              -0.03371               0.07232 
              0.04893              -0.03701               0.17994 
              0.05285              -0.03830               0.30398 
              0.05685              -0.03753               0.43028 
              0.06068              -0.03485               0.54448 
              0.06408              -0.03057               0.63443 
              0.06682              -0.02518               0.69221 
              0.06868              -0.01932               0.71561 
              0.06951              -0.01369               0.70824 
              0.06922              -0.00891               0.67855 
              0.06774              -0.00550               0.63779 
              0.06499              -0.00377               0.59744 
              0.06086              -0.00383               0.56679 
              0.05519              -0.00558               0.55108 
              0.04779              -0.00874               0.55055 
              0.03853              -0.01290               0.56042 
