              0.00178              -0.00406               0.25631 
              0.00134              -0.00387               0.26240 
              0.00088              -0.00367               0.26461 
              0.00039              -0.00347               0.26305 
             -0.00011              -0.00327               0.25800 
             -0.00062              -0.00309               0.24989 
             -0.00112              -0.00293               0.23923 
             -0.00162              -0.00280               0.22667 
             -0.00209              -0.00270               0.21289 
             -0.00255              -0.00263               0.19862 
             -0.00298              -0.00260               0.18456 
             -0.00338              -0.00261               0.17142 
             -0.00375              -0.00266               0.15981 
             -0.00409              -0.00275               0.15030 
             -0.00439              -0.00287               0.14334 
             -0.00466              -0.00303               0.13929 
             -0.00489              -0.00322               0.13840 
             -0.00510              -0.00344               0.14077 
             -0.00526              -0.00368               0.14642 
             -0.00540              -0.00394               0.15523 
             -0.00550              -0.00420               0.16695 
             -0.00557              -0.00448               0.18123 
             -0.00560              -0.00474               0.19762 
             -0.00559              -0.00499               0.21559 
             -0.00555              -0.00522               0.23453 
             -0.00548              -0.00541               0.25378 
             -0.00536              -0.00555               0.27266 
             -0.00522              -0.00564               0.29049 
             -0.00504              -0.00567               0.30663 
             -0.00484              -0.00562               0.32049 
             -0.00461              -0.00550               0.33159 
             -0.00436              -0.00530               0.33954 
             -0.00410              -0.00502               0.34413 
             -0.00383              -0.00465               0.34523 
             -0.00355              -0.00421               0.34292 
             -0.00328              -0.00371               0.33737 
             -0.00302              -0.00314               0.32892 
             -0.00278              -0.00252               0.31798 
             -0.00255              -0.00185               0.30508 
             -0.00233              -0.00116               0.29077 
             -0.00215              -0.00045               0.27564 
             -0.00198               0.00027               0.26025 
             -0.00183               0.00099               0.24515 
             -0.00170               0.00169               0.23082 
             -0.00159               0.00238               0.21765 
             -0.00150               0.00303               0.20597 
             -0.00141               0.00365               0.19599 
             -0.00134               0.00423               0.18783 
             -0.00126               0.00476               0.18149 
             -0.00118               0.00523               0.17690 
             -0.00110               0.00564               0.17389 
             -0.00100               0.00598               0.17223 
             -0.00089               0.00625               0.17162 
             -0.00076               0.00645               0.17173 
             -0.00061               0.00656               0.17220 
             -0.00043               0.00659               0.17266 
             -0.00023               0.00654               0.17276 
              0.00000               0.00640               0.17220 
              0.00026               0.00619               0.17070 
              0.00055               0.00589               0.16806 
              0.00086               0.00552               0.16416 
              0.00119               0.00508               0.15894 
              0.00154               0.00459               0.15245 
              0.00191               0.00405               0.14479 
              0.00230               0.00346               0.13617 
              0.00269               0.00285               0.12685 
              0.00309               0.00222               0.11714 
              0.00349               0.00158               0.10740 
              0.00388               0.00094               0.09802 
              0.00428               0.00032               0.08940 
              0.00466              -0.00029               0.08192 
              0.00504              -0.00088               0.07596 
              0.00540              -0.00143               0.07184 
              0.00575              -0.00195               0.06985 
              0.00608              -0.00242               0.07021 
              0.00639              -0.00286               0.07306 
              0.00668              -0.00324               0.07849 
              0.00694              -0.00357               0.08646 
              0.00717              -0.00386               0.09687 
              0.00738              -0.00408               0.10952 
              0.00754              -0.00426               0.12412 
              0.00767              -0.00437               0.14028 
              0.00775              -0.00443               0.15754 
              0.00778              -0.00444               0.17537 
              0.00776              -0.00438               0.19319 
              0.00768              -0.00428               0.21037 
              0.00755              -0.00413               0.22630 
              0.00736              -0.00393               0.24037 
              0.00711              -0.00370               0.25203 
              0.00682              -0.00344               0.26082 
              0.00647              -0.00315               0.26634 
              0.00608              -0.00286               0.26837 
              0.00565              -0.00256               0.26678 
              0.00520              -0.00227               0.26163 
              0.00473              -0.00199               0.25309 
              0.00425              -0.00174               0.24149 
              0.00377              -0.00151               0.22728 
              0.00329              -0.00133               0.21100 
              0.00284              -0.00120               0.19328 
              0.00240              -0.00110               0.17479 
              0.00200              -0.00106               0.15620 
              0.00165              -0.00106               0.13817 
              0.00139              -0.00111               0.12131 
              0.00127              -0.00121               0.10611 
              0.00138              -0.00135               0.09304 
              0.00183              -0.00153               0.08252 
              0.00281              -0.00174               0.07500 
              0.00457              -0.00199               0.07097 
              0.00743              -0.00227               0.07114 
              0.01183              -0.00258               0.07638 
              0.01800              -0.00287               0.08723 
              0.02689              -0.00321               0.10574 
              0.03977              -0.00357               0.13462 
              0.05814              -0.00394               0.17696 
              0.08398              -0.00433               0.23653 
              0.11984              -0.00472               0.31768 
              0.16571              -0.00512               0.42191 
              0.22689              -0.00541               0.55501 
              0.30910              -0.00539               0.71891 
              0.41618              -0.00569               0.91626 
              0.55158              -0.00587               1.14896 
              0.71620              -0.00593               1.41115 
              0.90580              -0.00578               1.68981 
              1.10913              -0.00535               1.96320 
              1.30683              -0.00463               2.20109 
              1.47365              -0.00364               2.36867 
              1.58403              -0.00245               2.43387 
              1.61979              -0.00119               2.37645 
              1.57647               0.00003               2.19510 
              1.46474               0.00109               1.90865 
              1.30615               0.00194               1.55055 
              1.12587               0.00263               1.15728 
              0.94615               0.00327               0.75205 
              0.78081               0.00355               0.37162 
              0.63822               0.00363               0.03383 
              0.52073               0.00359              -0.25399 
              0.42078               0.00348              -0.49832 
              0.33659               0.00333              -0.70105 
              0.27055               0.00316              -0.86172 
              0.21965               0.00299              -0.98622 
              0.18105               0.00284              -1.08063 
              0.15233               0.00272              -1.15057 
              0.13152               0.00263              -1.20093 
              0.11712               0.00257              -1.23572 
              0.10806               0.00256              -1.25804 
              0.10360               0.00260              -1.27008 
              0.10332               0.00268              -1.27319 
              0.10712               0.00281              -1.26791 
              0.11511               0.00300              -1.25399 
              0.12771               0.00327              -1.23049 
              0.14553               0.00360              -1.19579 
              0.16945               0.00402              -1.14767 
              0.20057               0.00454              -1.08342 
              0.24017               0.00517              -0.99997 
              0.28961               0.00591              -0.89410 
              0.35024               0.00677              -0.76281 
              0.42272               0.00774              -0.60400 
              0.50589               0.00882              -0.41837 
              0.59519               0.01004              -0.21165 
              0.69378               0.01131               0.01843 
              0.79874               0.01260               0.26590 
              0.90306               0.01374               0.51893 
              0.99694               0.01468               0.76162 
              1.06881               0.01534               0.97551 
              1.10739               0.01519               1.14153 
              1.10415               0.01472               1.24504 
              1.05560               0.01373               1.28048 
              0.96458               0.01255               1.25068 
              0.83960               0.01100               1.16529 
              0.69251               0.00915               1.03873 
              0.53577               0.00706               0.88731 
              0.37995               0.00491               0.72580 
              0.23186               0.00315               0.56636 
              0.09550               0.00101               0.41715 
             -0.03366              -0.00080               0.27949 
             -0.14839              -0.00234               0.16489 
             -0.24986              -0.00360               0.07688 
             -0.33968              -0.00463               0.01598 
             -0.42031              -0.00547              -0.01792 
             -0.49443              -0.00614              -0.02548 
             -0.56459              -0.00671              -0.00789 
             -0.63241              -0.00721               0.03264 
             -0.69834              -0.00766               0.09279 
             -0.76177              -0.00807               0.16810 
             -0.82090              -0.00844               0.25281 
             -0.87285              -0.00876               0.33997 
             -0.91369              -0.00904               0.42125 
             -0.93940              -0.00924               0.48852 
             -0.94657              -0.00935               0.53491 
             -0.93272              -0.00935               0.55472 
             -0.89709              -0.00923               0.54476 
             -0.84094              -0.00898               0.50481 
             -0.76747              -0.00857               0.43749 
             -0.68122              -0.00802               0.34754 
             -0.58742              -0.00736               0.24097 
             -0.49111              -0.00663               0.12396 
             -0.39582              -0.00585               0.00159 
             -0.30082              -0.00507              -0.12560 
             -0.20964              -0.00430              -0.25241 
             -0.12650              -0.00358              -0.37176 
             -0.05161              -0.00293              -0.47992 
              0.01598              -0.00237              -0.57312 
              0.07840              -0.00191              -0.64720 
              0.13863              -0.00155              -0.69799 
              0.20074              -0.00124              -0.72060 
              0.27412              -0.00109              -0.70037 
              0.37204              -0.00104              -0.61685 
              0.51058              -0.00113              -0.44327 
              0.71697              -0.00143              -0.13806 
              1.05023              -0.00188               0.37599 
              1.58754              -0.00232               1.19256 
              2.41667              -0.00283               2.40012 
              3.57799              -0.00325               4.00949 
              4.93516              -0.00344               5.82740 
              6.06605              -0.00400               7.31532 
              6.41390              -0.00464               7.79283 
              5.75845              -0.00507               6.99809 
              4.44966              -0.00494               5.35158 
              3.05027              -0.00462               3.53419 
              1.91632              -0.00395               1.99240 
              1.13130              -0.00281               0.84353 
              0.63374              -0.00166               0.04972 
              0.32033              -0.00093              -0.48816 
              0.12021              -0.00040              -0.84979 
              0.00191              -0.00005              -1.07745 
             -0.06458               0.00017              -1.21228 
             -0.09924               0.00029              -1.28417 
             -0.11473               0.00034              -1.31399 
             -0.11894               0.00034              -1.31608 
             -0.11672               0.00032              -1.30025 
             -0.11105               0.00028              -1.27316 
             -0.10373               0.00023              -1.23946 
             -0.09588               0.00017              -1.20323 
             -0.08801               0.00007              -1.16568 
             -0.08034              -0.00000              -1.12755 
             -0.07296              -0.00004              -1.08983 
             -0.06589              -0.00010              -1.05315 
             -0.05926              -0.00014              -1.01777 
             -0.05310              -0.00020              -0.98385 
             -0.04741              -0.00025              -0.95145 
             -0.04214              -0.00029              -0.92060 
             -0.03723              -0.00033              -0.89129 
             -0.03266              -0.00037              -0.86349 
             -0.02836              -0.00040              -0.83714 
             -0.02431              -0.00042              -0.81219 
             -0.02048              -0.00044              -0.78857 
             -0.01685              -0.00045              -0.76622 
             -0.01342              -0.00046              -0.74506 
             -0.01018              -0.00046              -0.72502 
             -0.00714              -0.00045              -0.70603 
             -0.00429              -0.00044              -0.68800 
             -0.00165              -0.00042              -0.67086 
              0.00076              -0.00040              -0.65451 
              0.00294              -0.00037              -0.63887 
              0.00487              -0.00034              -0.62384 
              0.00654              -0.00030              -0.60933 
              0.00795              -0.00025              -0.59527 
              0.00907              -0.00020              -0.58155 
              0.00988              -0.00015              -0.56815 
              0.01013              -0.00010              -0.55522 
              0.00986              -0.00004              -0.54268 
              0.00909               0.00001              -0.53049 
              0.00808               0.00007              -0.51842 
              0.00693               0.00012              -0.50643 
              0.00570               0.00017              -0.49453 
              0.00442               0.00022              -0.48279 
              0.00310               0.00027              -0.47131 
              0.00176               0.00031              -0.46023 
              0.00039               0.00034              -0.44970 
             -0.00098               0.00037              -0.43989 
             -0.00236               0.00040              -0.43097 
             -0.00374               0.00042              -0.42311 
             -0.00513               0.00043              -0.41646 
             -0.00653               0.00043              -0.41115 
             -0.00794               0.00044              -0.40730 
             -0.00938               0.00043              -0.40498 
             -0.01084               0.00042              -0.40422 
             -0.01234               0.00039              -0.40500 
             -0.01388               0.00036              -0.40729 
             -0.01539               0.00033              -0.41104 
             -0.01689               0.00028              -0.41623 
             -0.01811               0.00022              -0.42291 
             -0.01890               0.00014              -0.43113 
             -0.01938               0.00008              -0.44067 
             -0.01964               0.00003              -0.45132 
             -0.01971              -0.00004              -0.46281 
             -0.01963              -0.00016              -0.47513 
             -0.01943              -0.00028              -0.48828 
             -0.01905              -0.00042              -0.50215 
             -0.01843              -0.00056              -0.51672 
             -0.01760              -0.00069              -0.53211 
             -0.01653              -0.00084              -0.54841 
             -0.01514              -0.00097              -0.56576 
             -0.01335              -0.00110              -0.58436 
             -0.01096              -0.00120              -0.60436 
             -0.00766              -0.00128              -0.62581 
             -0.00295              -0.00133              -0.64854 
              0.00403              -0.00139              -0.67199 
              0.01463              -0.00153              -0.69470 
              0.03086              -0.00187              -0.71380 
              0.05540              -0.00253              -0.72549 
              0.09265              -0.00379              -0.72354 
              0.14804              -0.00592              -0.69956 
              0.22881              -0.00932              -0.64293 
              0.34349              -0.01430              -0.54074 
              0.49552              -0.02052              -0.38757 
              0.67805              -0.02653              -0.19094 
              0.87281              -0.02976               0.02988 
              1.05329              -0.02674               0.24986 
              1.19697              -0.01358               0.45817 
              1.29559               0.00906               0.66824 
              1.35265               0.04304               0.90901 
              1.35851               0.08853               1.18229 
              1.29065               0.13853               1.47274 
              1.12308               0.17688               1.76750 
              0.84481               0.18931               2.06375 
              0.45923               0.17607               2.37138 
             -0.01165               0.15631               2.70645 
             -0.52276               0.15845               3.05471 
             -1.02190               0.19629               3.38141 
             -1.45784               0.25700               3.63066 
             -1.78769               0.32145               3.74907 
             -1.98831               0.37241               3.70902 
             -2.05894               0.39629               3.51062 
             -2.00721               0.38579               3.16654 
             -1.83593               0.34524               2.67726 
             -1.55428               0.28854               2.06529 
             -1.20950               0.22994               1.40036 
             -0.87824               0.17792               0.78540 
             -0.60952               0.13482               0.29239 
             -0.41869               0.09966              -0.06386 
             -0.29455               0.07179              -0.30728 
             -0.22257               0.05139              -0.46810 
             -0.18610               0.03674              -0.57474 
             -0.17333               0.02663              -0.64435 
             -0.17521               0.02017              -0.68717 
             -0.18433               0.01604              -0.71034 
             -0.19525               0.01296              -0.71989 
             -0.20469               0.01002              -0.72100 
             -0.21166               0.00667              -0.71638 
             -0.21655               0.00254              -0.70734 
             -0.22092              -0.00220              -0.69419 
             -0.22568              -0.00733              -0.67602 
             -0.23170              -0.01231              -0.65226 
             -0.23957              -0.01670              -0.62304 
             -0.24915              -0.02042              -0.58911 
             -0.26123              -0.02301              -0.54955 
             -0.27622              -0.02399              -0.50336 
             -0.29412              -0.02305              -0.44997 
             -0.31387              -0.02021              -0.38967 
             -0.33294              -0.01591              -0.32539 
             -0.34837              -0.01154              -0.26262 
             -0.35700              -0.00941              -0.20954 
             -0.35824              -0.01179              -0.17111 
             -0.35489              -0.01915              -0.14610 
             -0.35063              -0.03024              -0.12961 
             -0.34791              -0.04272              -0.11568 
             -0.34730              -0.05427              -0.10233 
             -0.34707              -0.06319              -0.09277 
             -0.34475              -0.06868              -0.09152 
             -0.33856              -0.07100              -0.10207 
             -0.32738              -0.07120              -0.12570 
             -0.31061              -0.07054              -0.16081 
             -0.28806              -0.07049              -0.20497 
             -0.26070              -0.07227              -0.25424 
             -0.23067              -0.07646              -0.30357 
             -0.20061              -0.08291              -0.34813 
             -0.17253              -0.09160              -0.38375 
             -0.14808              -0.10202              -0.40778 
             -0.12824              -0.11370              -0.41874 
             -0.11362              -0.12610              -0.41633 
             -0.10422              -0.13877              -0.40115 
             -0.09992              -0.15154              -0.37370 
             -0.10117              -0.16381              -0.33458 
             -0.10781              -0.17509              -0.28429 
             -0.11983              -0.18515              -0.22277 
             -0.13705              -0.19277              -0.15229 
             -0.15832              -0.19735              -0.07464 
             -0.18205              -0.19792               0.00706 
             -0.20675              -0.19317               0.08852 
             -0.23096              -0.18204               0.16263 
             -0.25456              -0.16329               0.22028 
             -0.27769              -0.13691               0.25036 
             -0.29866              -0.10489               0.24349 
             -0.31434              -0.07062               0.19855 
             -0.32149              -0.03731               0.12423 
             -0.31819              -0.00827               0.03625 
             -0.30477               0.01436              -0.05079 
             -0.28229               0.02975              -0.12768 
             -0.25565               0.03805              -0.18731 
             -0.22957               0.04059              -0.22678 
             -0.20780               0.03881              -0.24644 
             -0.19113               0.03415              -0.24955 
             -0.17591               0.02863              -0.23960 
             -0.15480               0.02406              -0.22280 
             -0.12086               0.02173              -0.20388 
             -0.06977               0.02180              -0.18652 
             -0.00388               0.02267              -0.16955 
              0.06919               0.02379              -0.15085 
              0.13951               0.02536              -0.12811 
              0.19752               0.02813              -0.10118 
              0.23589               0.03272              -0.07266 
              0.25070               0.03962              -0.04500 
              0.24213               0.04800              -0.02160 
              0.21324               0.05710              -0.00326 
              0.16934               0.06597               0.01022 
              0.11624               0.07381               0.01920 
              0.05941               0.07941               0.02275 
              0.00224               0.08147               0.01949 
             -0.05278               0.07845               0.00961 
             -0.10433               0.06914              -0.00537 
             -0.15449               0.05286              -0.02148 
             -0.20727               0.02919              -0.02933 
             -0.26617              -0.00091              -0.02045 
             -0.33095              -0.03498               0.00957 
             -0.39327              -0.06880               0.05336 
             -0.43649              -0.09706               0.09603 
             -0.44342              -0.11479               0.11724 
             -0.41060              -0.12013               0.10883 
             -0.34778              -0.11339               0.08108 
             -0.26896              -0.09679               0.04816 
             -0.18188              -0.07245               0.01712 
             -0.08353              -0.04252              -0.00872 
              0.03214              -0.01036              -0.02367 
              0.17075               0.01729              -0.01445 
              0.33148               0.03423               0.02943 
              0.49324               0.03437               0.10466 
              0.60989               0.01778               0.18628 
              0.63293              -0.00980               0.24274 
              0.56256              -0.04404               0.26776 
              0.44925              -0.08745               0.28373 
              0.34075              -0.14479               0.31121 
              0.25229              -0.21426               0.35483 
              0.17676              -0.28522               0.40644 
              0.10421              -0.34161               0.45763 
              0.03131              -0.37171               0.50398 
             -0.03881              -0.37251               0.53793 
             -0.09913              -0.34981               0.55088 
             -0.14410              -0.31481               0.53838 
             -0.17240              -0.28019               0.50476 
             -0.18571              -0.25315               0.45853 
             -0.18671              -0.23110               0.40425 
             -0.17766              -0.20290               0.34224 
             -0.16103              -0.15785               0.27371 
             -0.13691              -0.09653               0.20855 
             -0.10403              -0.02649               0.15914 
             -0.06244               0.04250               0.13795 
             -0.01127               0.10306               0.15077 
              0.05097               0.15292               0.19567 
              0.12515               0.19268               0.26812 
              0.20912               0.22524               0.36295 
              0.29888               0.25454               0.47374 
              0.38836               0.28319               0.59232 
              0.46756               0.31165               0.69759 
              0.52392               0.33615               0.75831 
              0.54419               0.34891               0.74201 
              0.52050               0.34419               0.63501 
              0.46020               0.32181               0.45302 
              0.38341               0.29170               0.23913 
              0.31125               0.26277               0.03698 
              0.25342               0.23853              -0.12729 
              0.21026               0.21863              -0.24756 
              0.17693               0.20229              -0.32942 
              0.14713               0.18655              -0.38153 
              0.11663               0.16953              -0.41171 
              0.08496               0.15086              -0.42300 
              0.05280               0.13052              -0.41943 
              0.02144               0.10864              -0.40221 
             -0.00633               0.08427              -0.37198 
             -0.02788               0.05576              -0.32825 
             -0.04004               0.02275              -0.26790 
             -0.03968              -0.01350              -0.18741 
             -0.02326              -0.05013              -0.08071 
              0.01209              -0.08382               0.05410 
              0.06516              -0.11073               0.21031 
              0.12904              -0.12854               0.36865 
              0.18886              -0.13623               0.49601 
              0.23068              -0.13787               0.55839 
              0.24878              -0.13559               0.54396 
              0.25054              -0.12855               0.46970 
              0.24878              -0.11355               0.36652 
              0.25025              -0.08834               0.26237 
              0.25555              -0.05392               0.17214 
              0.26225              -0.01219               0.10000 
              0.26800               0.03359               0.04649 
              0.27101               0.08002               0.00962 
              0.27048               0.12491              -0.01533 
              0.26579               0.16398              -0.03354 
              0.25644               0.19582              -0.05162 
              0.24012               0.21759              -0.07421 
              0.21557               0.22822              -0.10432 
              0.18366               0.22935              -0.14039 
              0.14704               0.22384              -0.17837 
              0.10856               0.21441              -0.21345 
              0.06926               0.20376              -0.24139 
              0.02873               0.19330              -0.25973 
             -0.01404               0.18292              -0.26823 
             -0.06056               0.17245              -0.26841 
             -0.11210               0.16166              -0.26398 
             -0.16835               0.14772              -0.25962 
             -0.22992               0.12985              -0.26068 
             -0.29530               0.10806              -0.27167 
             -0.36158               0.08267              -0.29223 
             -0.42108               0.05632              -0.31531 
             -0.46208               0.03292              -0.32820 
             -0.47329               0.01395              -0.31701 
             -0.44687              -0.00461              -0.26798 
             -0.38573              -0.02989              -0.17635 
             -0.29819              -0.06777              -0.04755 
             -0.19855              -0.11885               0.10384 
             -0.10335              -0.17382               0.24621 
             -0.03197              -0.21730               0.33982 
              0.00498              -0.24129               0.35719 
              0.01419              -0.24844               0.30553 
              0.01476              -0.24611               0.21878 
              0.02800              -0.23753               0.13498 
              0.06608              -0.22323               0.07695 
              0.12815              -0.20200               0.05074 
              0.20525              -0.17433               0.04982 
              0.28506              -0.14416               0.06164 
              0.35605              -0.11798               0.07216 
              0.41144              -0.09799               0.07388 
              0.45014              -0.08366               0.06491 
              0.47607              -0.07102               0.04749 
              0.49124              -0.05708               0.02725 
              0.49763              -0.03937               0.00721 
              0.49555              -0.01660              -0.01111 
              0.48234               0.01408              -0.02622 
              0.45472               0.05580              -0.03536 
              0.41257               0.11258              -0.03468 
              0.35829               0.18508              -0.02190 
              0.29669               0.26589               0.00483 
              0.23506               0.33949               0.04368 
              0.18217               0.38560               0.09143 
              0.14844               0.38894               0.15048 
              0.14110               0.35030               0.22978 
              0.16542               0.28116               0.34210 
              0.21761               0.19631               0.48824 
              0.27237               0.10564               0.63527 
              0.28102               0.01184               0.72172 
              0.21297              -0.08237               0.70634 
              0.09328              -0.17011               0.61466 
             -0.02935              -0.24650               0.50569 
             -0.12721              -0.31099               0.41858 
             -0.19684              -0.36833               0.36542 
             -0.24026              -0.42116               0.34176 
             -0.25546              -0.46390               0.33367 
             -0.23822              -0.48584               0.32412 
             -0.18993              -0.48183               0.30306 
             -0.12316              -0.45671               0.27072 
             -0.05533              -0.42067               0.23086 
             -0.00064              -0.38080               0.18440 
              0.03523              -0.33904               0.12990 
              0.05453              -0.29388               0.06742 
              0.06368              -0.24429               0.00131 
              0.06927              -0.19077              -0.06295 
              0.07626              -0.13485              -0.12114 
              0.08671              -0.07859              -0.17194 
              0.10070              -0.02540              -0.21459 
              0.11767               0.02237              -0.24973 
              0.13788               0.06495              -0.27837 
              0.16328               0.10331              -0.29800 
              0.19530               0.13992              -0.30620 
              0.23231               0.17381              -0.30188 
              0.27037               0.20136              -0.28630 
              0.30087               0.21575              -0.26214 
              0.31216               0.21248              -0.23218 
              0.29847               0.18691              -0.19768 
              0.26289               0.14254              -0.15670 
              0.21584               0.08823              -0.10655 
              0.16791               0.03587              -0.04810 
              0.12498              -0.00296               0.01243 
              0.08765              -0.01609               0.06896 
              0.05313               0.00075               0.11783 
              0.01833               0.04306               0.15847 
             -0.01865               0.09685               0.19164 
             -0.05758               0.14461               0.21634 
             -0.09602               0.17129               0.22929 
             -0.13000               0.17140               0.22834 
             -0.15685               0.15167               0.21354 
             -0.17466               0.12571               0.18641 
             -0.18520               0.10753               0.15066 
             -0.18921               0.10242               0.11042 
             -0.18742               0.10866               0.06805 
             -0.18084               0.12238               0.02774 
             -0.17039               0.13878              -0.00506 
             -0.15708               0.15377              -0.02635 
             -0.13947               0.16284              -0.03109 
             -0.11537               0.16316              -0.01589 
             -0.08174               0.15367               0.02159 
             -0.03960               0.13864               0.07707 
              0.00437               0.12911               0.13538 
              0.03947               0.14244               0.16881 
              0.05396               0.19748               0.15416 
              0.04586               0.29463               0.09028 
              0.02397               0.41310               0.00134 
              0.00006               0.52004              -0.08343 
             -0.01815               0.58637              -0.14710 
             -0.02833               0.59831              -0.18782 
             -0.03022               0.55870              -0.21384 
             -0.02767               0.47927              -0.23829 
             -0.03014               0.37158              -0.27417 
             -0.04518               0.24321              -0.32760 
             -0.07364               0.10174              -0.39389 
             -0.10547              -0.03707              -0.45466 
             -0.11988              -0.14872              -0.47614 
             -0.09685              -0.21917              -0.42880 
             -0.03701              -0.25703              -0.31526 
              0.04047              -0.29152              -0.16541 
              0.11572              -0.34564              -0.01035 
              0.18081              -0.42377               0.13505 
              0.23433              -0.51362               0.26585 
              0.26938              -0.58943               0.38460 
              0.27074              -0.62157               0.49049 
              0.22741              -0.59641               0.58177 
              0.14984              -0.53053               0.64621 
              0.06661              -0.46351               0.64728 
              0.00239              -0.42803               0.55149 
             -0.03582              -0.42906               0.38264 
             -0.05972              -0.44933               0.20492 
             -0.08143              -0.46881               0.06453 
             -0.10480              -0.47305              -0.02903 
             -0.12463              -0.45564              -0.08485 
             -0.13694              -0.41397              -0.11312 
             -0.13679              -0.35243              -0.11704 
             -0.12049              -0.27817              -0.09556 
             -0.08750              -0.20051              -0.04824 
             -0.03670              -0.12816               0.02508 
              0.03334              -0.06589               0.12540 
              0.12240              -0.01380               0.25119 
              0.22749               0.03209               0.39611 
              0.33982               0.07303               0.55297 
              0.44858               0.10612               0.70848 
              0.53963               0.12111               0.84801 
              0.60088               0.10772               0.96349 
              0.62566               0.06554               1.04965 
              0.60983               0.01421               1.08601 
              0.55155              -0.01733               1.04177 
              0.46016              -0.01933               0.90807 
              0.35556              -0.00665               0.71734 
              0.25900               0.00123               0.51636 
              0.18143              -0.00218               0.33727 
              0.12695              -0.01329               0.19510 
              0.09361              -0.02523               0.08807 
              0.07627              -0.03227               0.01071 
              0.07000              -0.03229              -0.04515 
              0.07039              -0.02564              -0.08777 
              0.07505              -0.01179              -0.12462 
              0.08226               0.01043              -0.16059 
              0.09141               0.04145              -0.19845 
              0.09895               0.07945              -0.23885 
              0.09792               0.12049              -0.27967 
              0.07632               0.15690              -0.31740 
              0.02474               0.17968              -0.34615 
             -0.05524               0.18495              -0.36026 
             -0.14708               0.17745              -0.35482 
             -0.22608               0.16611              -0.32646 
             -0.27264               0.15628              -0.27548 
             -0.27841               0.14592              -0.20807 
             -0.24593               0.12967              -0.13637 
             -0.18382               0.10674              -0.07041 
             -0.10623               0.08083              -0.01823 
             -0.02666               0.05768               0.01616 
              0.04228               0.04251               0.03366 
              0.09286               0.03691               0.04034 
              0.12280               0.04133               0.04217 
              0.13264               0.05188               0.04437 
              0.12405               0.06532               0.05108 
              0.10152               0.07662               0.06226 
              0.06912               0.08422               0.07604 
              0.03265               0.09057               0.09139 
             -0.00173               0.09883               0.10698 
             -0.02837               0.10983               0.11968 
             -0.04304               0.12242               0.12918 
             -0.04365               0.13249               0.13462 
             -0.03161               0.13552               0.13664 
             -0.01220               0.12843               0.13788 
              0.00771               0.11080               0.14294 
              0.01736               0.08467               0.15926 
              0.00867               0.05531               0.19242 
             -0.01827               0.02915               0.24676 
             -0.04944               0.00876               0.31429 
             -0.05704              -0.01453               0.36479 
             -0.01142              -0.05875               0.35890 
              0.08820              -0.12511               0.29469 
              0.21062              -0.19151               0.21036 
              0.32196              -0.23401               0.14485 
              0.40852              -0.24454               0.11904 
              0.47289              -0.22954               0.14096 
              0.52159              -0.19965               0.20806 
              0.55593              -0.16288               0.29692 
              0.56673              -0.12155               0.36400 
              0.54267              -0.07799               0.36151 
              0.48373              -0.03542               0.27458 
              0.40419               0.00553               0.13389 
              0.32445               0.04416              -0.01054 
              0.25696               0.07995              -0.12484 
              0.20400               0.11110              -0.19853 
              0.16473               0.13499              -0.23394 
              0.13590               0.14886              -0.23934 
