              0.00522              -0.01215              -0.18652 
              0.00363              -0.01148              -0.18478 
              0.00182              -0.01079              -0.20333 
             -0.00012              -0.01015              -0.23705 
             -0.00211              -0.00962              -0.27880 
             -0.00406              -0.00925              -0.32035 
             -0.00592              -0.00909              -0.35349 
             -0.00762              -0.00915              -0.37096 
             -0.00915              -0.00942              -0.36730 
             -0.01047              -0.00988              -0.33941 
             -0.01155              -0.01050              -0.28694 
             -0.01239              -0.01120              -0.21240 
             -0.01295              -0.01191              -0.12101 
             -0.01323              -0.01252              -0.02032 
             -0.01321              -0.01291               0.08061 
             -0.01291              -0.01298               0.17220 
             -0.01234              -0.01263               0.24568 
             -0.01155              -0.01180               0.29434 
             -0.01062              -0.01045               0.31456 
             -0.00960              -0.00861               0.30641 
             -0.00860              -0.00633               0.27354 
             -0.00766              -0.00372               0.22255 
             -0.00686              -0.00089               0.16185 
             -0.00621               0.00205               0.10029 
             -0.00572               0.00498               0.04593 
             -0.00537               0.00779               0.00493 
             -0.00512               0.01039              -0.01906 
             -0.00492               0.01268              -0.02523 
             -0.00469               0.01456              -0.01549 
             -0.00439               0.01594               0.00593 
             -0.00392               0.01673               0.03323 
             -0.00325               0.01688               0.05985 
             -0.00233               0.01633               0.07958 
             -0.00114               0.01511               0.08748 
              0.00031               0.01325               0.08070 
              0.00197               0.01084               0.05895 
              0.00381               0.00802               0.02466 
              0.00576               0.00494              -0.01743 
              0.00774               0.00174              -0.06084 
              0.00969              -0.00142              -0.09820 
              0.01155              -0.00444              -0.12222 
              0.01326              -0.00721              -0.12652 
              0.01478              -0.00964              -0.10640 
              0.01605              -0.01168              -0.05945 
              0.01701              -0.01326               0.01405 
              0.01762              -0.01435               0.11086 
              0.01782              -0.01490               0.22484 
              0.01755              -0.01491               0.34730 
              0.01679              -0.01436               0.46778 
              0.01555              -0.01333               0.57528 
              0.01385              -0.01188               0.65969 
              0.01189              -0.01015               0.71335 
              0.00965              -0.00828               0.73256 
              0.00732              -0.00652               0.71826 
              0.00500              -0.00503               0.67562 
              0.00284              -0.00387               0.61355 
              0.00105              -0.00316               0.54313 
             -0.00033              -0.00290               0.47603 
             -0.00133              -0.00309               0.42283 
             -0.00196              -0.00370               0.39155 
             -0.00223              -0.00466               0.38701 
             -0.00221              -0.00589               0.41026 
             -0.00194              -0.00727               0.45848 
             -0.00152              -0.00870               0.52521 
             -0.00103              -0.01003               0.60082 
             -0.00058              -0.01101               0.67379 
             -0.00024              -0.01161               0.73214 
             -0.00008              -0.01184               0.76527 
             -0.00015              -0.01157               0.76559 
             -0.00047              -0.01081               0.72982 
             -0.00106              -0.00972               0.65923 
             -0.00185              -0.00796               0.55970 
             -0.00279              -0.00584               0.44119 
             -0.00381              -0.00350               0.31544 
             -0.00482              -0.00108               0.19442 
             -0.00575               0.00133               0.08898 
             -0.00654               0.00364               0.00768 
             -0.00711               0.00581              -0.04380 
             -0.00740               0.00779              -0.06299 
             -0.00736               0.00956              -0.05059 
             -0.00692               0.01108              -0.01025 
             -0.00605               0.01233               0.05180 
             -0.00471               0.01330               0.12744 
             -0.00290               0.01396               0.20742 
             -0.00065               0.01432               0.28243 
              0.00197               0.01441               0.34425 
              0.00486               0.01426               0.38683 
              0.00787               0.01395               0.40717 
              0.01088               0.01356               0.40569 
              0.01375               0.01319               0.38611 
              0.01636               0.01293               0.35473 
              0.01864               0.01283               0.31936 
              0.02054               0.01293               0.28797 
              0.02204               0.01325               0.26752 
              0.02313               0.01375               0.26277 
              0.02380               0.01437               0.27562 
              0.02406               0.01502               0.30486 
              0.02390               0.01560               0.34633 
              0.02335               0.01597               0.39330 
              0.02242               0.01602               0.43742 
              0.02116               0.01561               0.46996 
              0.01958               0.01468               0.48319 
              0.01770               0.01318               0.47171 
              0.01549               0.01115               0.43338 
              0.01285               0.00866               0.36971 
              0.00958               0.00584               0.28565 
              0.00538               0.00285               0.18872 
             -0.00014              -0.00017               0.08791 
             -0.00747              -0.00306              -0.00768 
             -0.01714              -0.00571              -0.09001 
             -0.02973              -0.00800              -0.15296 
             -0.04580              -0.00985              -0.19300 
             -0.06587              -0.01118              -0.20941 
             -0.09030              -0.01195              -0.20427 
             -0.11925              -0.01209              -0.18216 
             -0.15256              -0.01159              -0.14969 
             -0.18966              -0.01045              -0.11470 
             -0.22960              -0.00871              -0.08534 
             -0.27107              -0.00646              -0.06904 
             -0.31249              -0.00382              -0.07145 
             -0.35230              -0.00095              -0.09559 
             -0.38907               0.00197              -0.14144 
             -0.42177               0.00476              -0.20584 
             -0.44985               0.00727              -0.28297 
             -0.47323               0.00938              -0.36508 
             -0.49225               0.01103              -0.44359 
             -0.50746               0.01215              -0.51005 
             -0.51944               0.01275              -0.55704 
             -0.52870               0.01282              -0.57885 
             -0.53541               0.01240              -0.57192 
             -0.53944               0.01149              -0.53528 
             -0.54024               0.01014              -0.47069 
             -0.53694               0.00840              -0.38269 
             -0.52842               0.00633              -0.27837 
             -0.51353               0.00403              -0.16690 
             -0.49112               0.00163              -0.05892 
             -0.46117              -0.00070               0.03550 
             -0.42434              -0.00278               0.10740 
             -0.38173              -0.00445               0.14990 
             -0.33509              -0.00554               0.15952 
             -0.28702              -0.00597               0.13698 
             -0.24047              -0.00569               0.08691 
             -0.19825              -0.00473               0.01691 
             -0.16267              -0.00317              -0.06372 
             -0.13545              -0.00111              -0.14529 
             -0.11770               0.00132              -0.21891 
             -0.10996               0.00398              -0.27749 
             -0.11232               0.00674              -0.31634 
             -0.12452               0.00949              -0.33344 
             -0.14600               0.01209              -0.32950 
             -0.17587               0.01443              -0.30765 
             -0.21286               0.01637              -0.27299 
             -0.25536               0.01779              -0.23192 
             -0.30139               0.01860              -0.19135 
             -0.34867               0.01872              -0.15784 
             -0.39480               0.01811              -0.13675 
             -0.43744               0.01680              -0.13148 
             -0.47461               0.01485              -0.14305 
             -0.50471               0.01240              -0.17010 
             -0.52701               0.00959              -0.20875 
             -0.54148               0.00658              -0.25342 
             -0.54851               0.00355              -0.29774 
             -0.54884               0.00062              -0.33543 
             -0.54331              -0.00208              -0.36108 
             -0.53283              -0.00448              -0.37078 
             -0.51839              -0.00650              -0.36242 
             -0.50068              -0.00811              -0.33626 
             -0.48027              -0.00926              -0.29478 
             -0.45759              -0.00996              -0.24249 
             -0.43307              -0.01018              -0.18538 
             -0.40718              -0.00996              -0.13021 
             -0.38055              -0.00932              -0.08361 
             -0.35396              -0.00833              -0.05108 
             -0.32834              -0.00707              -0.03619 
             -0.30473              -0.00566              -0.03993 
             -0.28414              -0.00421              -0.06051 
             -0.26750              -0.00283              -0.09356 
             -0.25558              -0.00161              -0.13279 
             -0.24897              -0.00062              -0.17081 
             -0.24806               0.00008              -0.20019 
             -0.25309               0.00050              -0.21445 
             -0.26418               0.00063              -0.20886 
             -0.28134               0.00052              -0.18114 
             -0.30446               0.00022              -0.13181 
             -0.33328              -0.00020              -0.06432 
             -0.36721              -0.00066               0.01503 
             -0.40521              -0.00108               0.09758 
             -0.44563              -0.00138               0.17314 
             -0.48757              -0.00148               0.23255 
             -0.53069              -0.00135               0.26875 
             -0.57434              -0.00095               0.27698 
             -0.61773              -0.00030               0.25567 
             -0.66027               0.00056               0.20691 
             -0.70177               0.00158               0.13620 
             -0.74248               0.00265               0.05178 
             -0.78303               0.00371              -0.03666 
             -0.82426               0.00469              -0.11927 
             -0.86709               0.00553              -0.18716 
             -0.91229               0.00615              -0.23336 
             -0.96021               0.00651              -0.25356 
             -1.01063               0.00657              -0.24639 
             -1.06259               0.00629              -0.21362 
             -1.11422               0.00564              -0.15997 
             -1.16285               0.00464              -0.09270 
             -1.20501               0.00329              -0.02096 
             -1.23715               0.00164               0.04547 
             -1.25599              -0.00021               0.09741 
             -1.25903              -0.00217               0.12763 
             -1.24520              -0.00413               0.13209 
             -1.21505              -0.00595               0.11060 
             -1.17074              -0.00749               0.06679 
             -1.11565              -0.00865               0.00744 
             -1.05403              -0.00937              -0.05859 
             -0.99026              -0.00959              -0.12185 
             -0.92829              -0.00933              -0.17356 
             -0.87143              -0.00857              -0.20672 
             -0.82216              -0.00736              -0.21678 
             -0.78229              -0.00573              -0.20191 
             -0.75294              -0.00374              -0.16325 
             -0.73471              -0.00146              -0.10460 
             -0.72776               0.00100              -0.03207 
             -0.73180               0.00351               0.04656 
             -0.74609               0.00592               0.12275 
             -0.76954               0.00805               0.18824 
             -0.80069               0.00971               0.23618 
             -0.83791               0.01075               0.26215 
             -0.87956               0.01110               0.26475 
             -0.92423               0.01070               0.24597 
             -0.97086               0.00957               0.21071 
             -1.01885               0.00776               0.16614 
             -1.06805               0.00539               0.12062 
             -1.11862               0.00264               0.08246 
             -1.17078              -0.00038               0.05889 
             -1.22456              -0.00355               0.05512 
             -1.27962              -0.00673               0.07375 
             -1.33501              -0.00973               0.11448 
             -1.38905              -0.01243               0.17406 
             -1.43929              -0.01472               0.24660 
             -1.48265              -0.01646               0.32424 
             -1.51575              -0.01752               0.39820 
             -1.53548              -0.01781               0.46004 
             -1.53956              -0.01727               0.50314 
             -1.52710              -0.01589               0.52381 
             -1.49883              -0.01373               0.52201 
             -1.45705              -0.01090               0.50138 
             -1.40521              -0.00754               0.46855 
             -1.34730              -0.00383               0.43197 
             -1.28730               0.00004               0.40056 
             -1.22847               0.00388               0.38226 
             -1.17333               0.00753               0.38300 
             -1.12338               0.01083               0.40589 
             -1.07912               0.01368               0.45074 
             -1.04021               0.01593               0.51399 
             -1.00561               0.01748               0.58901 
             -0.97387               0.01824               0.66686 
             -0.94347               0.01829               0.73734 
             -0.91313               0.01750               0.79064 
             -0.88208               0.01587               0.81879 
             -0.85026               0.01349               0.81715 
             -0.81833               0.01075               0.78493 
             -0.78763               0.00795               0.72528 
             -0.75993               0.00510               0.64496 
             -0.73718               0.00235               0.55367 
             -0.72124              -0.00009               0.46215 
             -0.71376              -0.00214               0.38077 
             -0.71605              -0.00373               0.31842 
             -0.72903              -0.00483               0.28154 
             -0.75318              -0.00543               0.27363 
             -0.78846              -0.00557               0.29487 
             -0.83418              -0.00527               0.34215 
             -0.88885              -0.00458               0.40925 
             -0.95006              -0.00359               0.48734 
             -1.01446              -0.00237               0.56577 
             -1.07791              -0.00102               0.63334 
             -1.13604               0.00035               0.67978 
             -1.18464               0.00162               0.69726 
             -1.22052               0.00269               0.68178 
             -1.24182               0.00347               0.63383 
             -1.24826               0.00391               0.55828 
             -1.24097               0.00399               0.46354 
             -1.22209               0.00375               0.36014 
             -1.19417               0.00323               0.25901 
             -1.15960               0.00255               0.17006 
             -1.12037               0.00177               0.10102 
             -1.07772               0.00094               0.05670 
             -1.03212               0.00016               0.03878 
             -0.98340              -0.00052               0.04578 
             -0.93095              -0.00101               0.07351 
             -0.87406              -0.00128               0.11560 
             -0.81219              -0.00132               0.16417 
             -0.74529              -0.00107               0.21082 
             -0.67415              -0.00057               0.24784 
             -0.60040               0.00014               0.26893 
             -0.52635               0.00098               0.26995 
             -0.45460               0.00188               0.24920 
             -0.38723               0.00273               0.20703 
             -0.32623               0.00346               0.14632 
             -0.27553               0.00399               0.07423 
             -0.23769               0.00426              -0.00191 
             -0.21385               0.00424              -0.07548 
             -0.20436               0.00389              -0.14083 
             -0.20892               0.00324              -0.19384 
             -0.22666               0.00229              -0.23237 
             -0.25620               0.00111              -0.25632 
             -0.29579              -0.00023              -0.26754 
             -0.34322              -0.00165              -0.26945 
             -0.39597              -0.00303              -0.26657 
             -0.45118              -0.00427              -0.26387 
             -0.50581              -0.00525              -0.26609 
             -0.55664              -0.00589              -0.27722 
             -0.60104              -0.00612              -0.29939 
             -0.63696              -0.00590              -0.33267 
             -0.66323              -0.00525              -0.37488 
             -0.67935              -0.00416              -0.42217 
             -0.68532              -0.00268              -0.46951 
             -0.68159              -0.00086              -0.51135 
             -0.66889               0.00126              -0.54226 
             -0.64797               0.00363              -0.55768 
             -0.61945               0.00617              -0.55450 
             -0.58394               0.00881              -0.53130 
             -0.54174               0.01146              -0.48889 
             -0.49295               0.01398              -0.43035 
             -0.43758               0.01624              -0.36095 
             -0.37580               0.01807              -0.28765 
             -0.30815               0.01931              -0.21839 
             -0.23572               0.01979              -0.16116 
             -0.16018               0.01944              -0.12291 
             -0.08372               0.01819              -0.10859 
             -0.00879               0.01612              -0.12035 
              0.06218               0.01332              -0.15720 
              0.12717               0.00999              -0.21508 
              0.18474               0.00634              -0.28741 
              0.23418               0.00257              -0.36602 
              0.27548              -0.00112              -0.44211 
              0.30913              -0.00457              -0.50744 
              0.33586              -0.00768              -0.55519 
              0.35642              -0.01035              -0.58071 
              0.37137              -0.01251              -0.58191 
              0.38094              -0.01412              -0.55943 
              0.38502              -0.01510              -0.51655 
              0.38318              -0.01542              -0.45893 
              0.37479              -0.01501              -0.39403 
              0.35922              -0.01387              -0.33041 
              0.33604              -0.01202              -0.27663 
              0.30530              -0.00954              -0.24019 
              0.26762              -0.00656              -0.22646 
              0.22424              -0.00328              -0.23795 
              0.17692               0.00009              -0.27397 
              0.12772               0.00331              -0.33081 
              0.07878               0.00618              -0.40233 
              0.03203               0.00856              -0.48092 
             -0.01092               0.01035              -0.55854 
             -0.04885               0.01150              -0.62767 
             -0.08091               0.01200              -0.68219 
             -0.10651               0.01189              -0.71786 
             -0.12520               0.01123              -0.73266 
             -0.13662               0.01008              -0.72686 
             -0.14040               0.00850              -0.70285 
             -0.13619               0.00658              -0.66485 
             -0.12377               0.00442              -0.61842 
             -0.10311               0.00212              -0.56981 
             -0.07450              -0.00021              -0.52525 
             -0.03865              -0.00245              -0.49016 
              0.00327              -0.00447              -0.46846 
              0.04972              -0.00618              -0.46208 
              0.09887              -0.00747              -0.47068 
              0.14882              -0.00829              -0.49179 
              0.19776              -0.00861              -0.52112 
              0.24409              -0.00845              -0.55319 
              0.28651              -0.00783              -0.58208 
              0.32397              -0.00680              -0.60220 
              0.35559              -0.00545              -0.60896 
              0.38056              -0.00384              -0.59934 
              0.39797              -0.00207              -0.57229 
              0.40679              -0.00022              -0.52891 
              0.40585               0.00163              -0.47237 
              0.39395               0.00339              -0.40767 
              0.37006               0.00498              -0.34108 
              0.33355               0.00634              -0.27937 
              0.28445               0.00742              -0.22897 
              0.22360               0.00819              -0.19504 
              0.15267               0.00864              -0.18075 
              0.07409               0.00879              -0.18682 
             -0.00928               0.00869              -0.21139 
             -0.09447               0.00840              -0.25039 
             -0.17871               0.00798              -0.29810 
             -0.25966               0.00751              -0.34799 
             -0.33555               0.00704              -0.39359 
             -0.40507               0.00663              -0.42927 
             -0.46732               0.00632              -0.45097 
             -0.52140               0.00612              -0.45670 
             -0.56665               0.00605              -0.44642 
             -0.60222               0.00610              -0.42229 
             -0.62712               0.00625              -0.38836 
             -0.64043               0.00646              -0.34993 
             -0.64137               0.00668              -0.31292 
             -0.62956               0.00687              -0.28313 
             -0.60517               0.00697              -0.26531 
             -0.56889               0.00692              -0.26276 
             -0.52222               0.00669              -0.27644 
             -0.46709               0.00624              -0.30516 
             -0.40655               0.00555              -0.34479 
             -0.34350               0.00464              -0.38982 
             -0.28068               0.00351              -0.43374 
             -0.22049               0.00221              -0.46983 
             -0.16486               0.00077              -0.49189 
             -0.11527              -0.00073              -0.49482 
             -0.07279              -0.00225              -0.47518 
             -0.03815              -0.00372              -0.43148 
             -0.01191              -0.00505              -0.36439 
              0.00558              -0.00617              -0.27680 
              0.01409              -0.00698              -0.17379 
              0.01361              -0.00735              -0.06221 
              0.00439              -0.00719               0.04983 
             -0.01299              -0.00638               0.15385 
             -0.03755              -0.00486               0.24198 
             -0.06795              -0.00263               0.30810 
             -0.10258               0.00028               0.34874 
             -0.13966               0.00374               0.36357 
             -0.17771               0.00756               0.35583 
             -0.21535               0.01154               0.33146 
             -0.25157               0.01546               0.29837 
             -0.28555               0.01911               0.26515 
             -0.31671               0.02230               0.24000 
             -0.34504               0.02489               0.23015 
             -0.37050               0.02681               0.24070 
             -0.39254               0.02799               0.27369 
             -0.41068               0.02837               0.32851 
             -0.42415               0.02792               0.40174 
             -0.43240               0.02665               0.48786 
             -0.43434               0.02459               0.57912 
             -0.42888               0.02183               0.66687 
             -0.41489               0.01845               0.74244 
             -0.39149               0.01474               0.79853 
             -0.35829               0.01110               0.83051 
             -0.31541               0.00774               0.83715 
             -0.26346               0.00494               0.82038 
             -0.20317               0.00305               0.78471 
             -0.13473               0.00196               0.73602 
             -0.05962               0.00181               0.68251 
              0.02099               0.00274               0.63190 
              0.10440               0.00472               0.59196 
              0.18889               0.00768               0.56695 
              0.27253               0.01149               0.55876 
              0.35352               0.01590               0.56636 
              0.43079               0.02069               0.58718 
              0.50278               0.02562               0.61646 
              0.56732               0.03041               0.64785 
              0.62193               0.03482               0.67453 
              0.66422               0.03856               0.69053 
              0.69226               0.04139               0.69162 
              0.70490               0.04313               0.67610 
              0.70199               0.04386               0.64531 
              0.68442               0.04358               0.60343 
              0.65389               0.04237               0.55670 
              0.61265               0.04036               0.51248 
              0.56311               0.03773               0.47804 
              0.50760               0.03466               0.45952 
              0.44825               0.03131               0.46099 
              0.38662               0.02781               0.48349 
              0.32458               0.02425               0.52554 
              0.26402               0.02092               0.58287 
              0.20715               0.01791               0.64858 
              0.15606               0.01536               0.71344 
              0.11298               0.01362               0.76763 
              0.08018               0.01261               0.80224 
              0.05900               0.01223               0.81009 
              0.05035               0.01248               0.78741 
              0.05478               0.01353               0.73433 
              0.07178               0.01504               0.65478 
              0.10033               0.01663               0.55567 
              0.13878               0.01828               0.44668 
              0.18532               0.01982               0.33849 
              0.23804               0.02125               0.24100 
              0.29527               0.02251               0.16200 
              0.35545               0.02355               0.10654 
              0.41684               0.02434               0.07641 
              0.47753               0.02488               0.07012 
              0.53503               0.02515               0.08304 
              0.58759               0.02516               0.10921 
              0.63366               0.02491               0.14154 
              0.67098               0.02443               0.17155 
              0.69727               0.02378               0.19103 
              0.71071               0.02301               0.19320 
              0.71026               0.02220               0.17375 
              0.69585               0.02143               0.13145 
              0.66829               0.02077               0.06820 
              0.62951               0.02028              -0.01097 
              0.58135               0.01998              -0.09960 
              0.52436               0.01987              -0.19166 
              0.46204               0.01995              -0.27789 
              0.39713               0.02019              -0.35039 
              0.33153               0.02053              -0.40324 
              0.26636               0.02093              -0.43288 
              0.20222               0.02132              -0.43827 
              0.13944               0.02162              -0.42071 
              0.07826               0.02175              -0.38368 
              0.01899               0.02162              -0.33248 
             -0.03786               0.02114              -0.27373 
             -0.09156               0.02027              -0.21466 
             -0.14120               0.01895              -0.16238 
             -0.18571               0.01719              -0.12299 
             -0.22409               0.01504              -0.10087 
             -0.25545               0.01260              -0.09810 
             -0.27923               0.00999              -0.11425 
             -0.29515               0.00740              -0.14652 
             -0.30329               0.00498              -0.19025 
             -0.30397               0.00291              -0.23968 
             -0.29768               0.00132              -0.28876 
             -0.28497               0.00035              -0.33199 
             -0.26634               0.00005              -0.36503 
             -0.24224               0.00048              -0.38523 
             -0.21307               0.00162              -0.39177 
             -0.17920               0.00344              -0.38565 
             -0.14107               0.00585              -0.36955 
             -0.09927               0.00872              -0.34735 
             -0.05466               0.01188              -0.32364 
             -0.00837               0.01516              -0.30311 
              0.03815               0.01836              -0.28990 
              0.08322               0.02127              -0.28705 
              0.12503               0.02373              -0.29613 
              0.16176               0.02558              -0.31699 
              0.19176               0.02674              -0.34787 
              0.21365               0.02714              -0.38568 
              0.22642               0.02676              -0.42641 
              0.22943               0.02565              -0.46577 
              0.22237               0.02384              -0.49968 
              0.20529               0.02143              -0.52487 
              0.17849               0.01852              -0.53923 
              0.14252               0.01522              -0.54213 
              0.09822               0.01167              -0.53447 
              0.04672               0.00803              -0.51866 
             -0.01047               0.00446              -0.49829 
             -0.07144               0.00112              -0.47775 
             -0.13393              -0.00180              -0.46161 
             -0.19536              -0.00415              -0.45402 
             -0.25305              -0.00578              -0.45807 
             -0.30442              -0.00661              -0.47528 
             -0.34725              -0.00659              -0.50531 
             -0.37981              -0.00572              -0.54589 
             -0.40102              -0.00405              -0.59306 
             -0.41042              -0.00166              -0.64160 
             -0.40805               0.00133              -0.68563 
             -0.39433               0.00480              -0.71930 
             -0.36984               0.00859              -0.73741 
             -0.33518               0.01258              -0.73602 
             -0.29090               0.01663              -0.71293 
             -0.23750               0.02057              -0.66803 
             -0.17555               0.02425              -0.60350 
             -0.10583               0.02748              -0.52384 
             -0.02953               0.03009              -0.43559 
              0.05156               0.03191              -0.34693 
              0.13498               0.03278              -0.26674 
              0.21770               0.03261              -0.20364 
              0.29636               0.03140              -0.16480 
              0.36766               0.02921              -0.15484 
              0.42870               0.02622              -0.17518 
              0.47771               0.02267              -0.22346 
              0.51390               0.01884              -0.29414 
              0.53754               0.01500              -0.37926 
              0.54967               0.01143              -0.46964 
              0.55212               0.00832              -0.55574 
              0.54687               0.00584              -0.62904 
              0.53581               0.00406              -0.68283 
              0.52049               0.00304              -0.71275 
              0.50206               0.00276              -0.71696 
              0.48123               0.00319              -0.69624 
              0.45835               0.00428              -0.65372 
              0.43349               0.00593              -0.59467 
              0.40659               0.00805              -0.52587 
              0.37765               0.01051              -0.45500 
              0.34686               0.01318              -0.38972 
              0.31469               0.01592              -0.33679 
              0.28198               0.01860              -0.30121 
              0.24988               0.02111              -0.28561 
              0.21973               0.02334              -0.28993 
              0.19292               0.02523              -0.31150 
              0.17073               0.02675              -0.34555 
              0.15421               0.02792              -0.38587 
              0.14415               0.02877              -0.42576 
              0.14102               0.02936              -0.45888 
              0.14508               0.02978              -0.48003 
              0.15635               0.03011              -0.48575 
              0.17471               0.03044              -0.47464 
              0.19989               0.03085              -0.44749 
              0.23144               0.03140              -0.40713 
              0.26870               0.03212              -0.35805 
              0.31077               0.03302              -0.30583 
              0.35647               0.03409              -0.25638 
              0.40442               0.03530              -0.21510 
              0.45311               0.03658              -0.18608 
              0.50079               0.03790              -0.17171 
              0.54617               0.03921              -0.17178 
              0.58855               0.04048              -0.18352 
              0.62722               0.04169              -0.20260 
              0.66222               0.04283              -0.22298 
              0.69376               0.04392              -0.23826 
              0.72209               0.04495              -0.24251 
              0.74757               0.04594              -0.23082 
              0.77014               0.04686              -0.20035 
