              0.00000               0.00000              -1.65000 
              0.00000               0.00000              -1.65000 
             -0.00000              -0.00000              -1.65000 
             -0.00000               0.00000              -1.65000 
              0.00000              -0.00000              -1.65000 
             -0.00000              -0.00000              -1.65000 
             -0.00000              -0.00000              -1.65000 
             -0.00000              -0.00000              -1.65000 
             -0.00000               0.00000              -1.65000 
              0.00000              -0.00000              -1.65000 
             -0.00000              -0.00000              -1.65000 
              0.00000              -0.00000              -1.65000 
             -0.00000               0.00000              -1.65000 
              0.00000               0.00000              -1.65000 
             -0.00000              -0.00000              -1.65000 
              0.00000               0.00000              -1.65000 
             -0.00000               0.00000              -1.65000 
             -0.00000              -0.00000              -1.65000 
             -0.00000               0.00000              -1.65000 
              0.00000              -0.00000              -1.65000 
              0.00000              -0.00000              -1.65000 
              0.00000              -0.00000              -1.65000 
              0.00000              -0.00000              -1.65000 
              0.00000              -0.00000              -1.65001 
              0.00004              -0.00000              -1.65010 
              0.00009              -0.00000              -1.65027 
              0.00019              -0.00000              -1.65054 
              0.00031              -0.00000              -1.65087 
              0.00044              -0.00000              -1.65126 
              0.00059              -0.00001              -1.65168 
              0.00085              -0.00000              -1.65246 
              0.00104               0.00002              -1.65305 
              0.00123               0.00002              -1.65372 
              0.00141               0.00004              -1.65456 
              0.00160               0.00007              -1.65556 
              0.00177               0.00008              -1.65679 
              0.00195               0.00009              -1.65814 
              0.00214               0.00010              -1.65962 
              0.00235               0.00011              -1.66124 
              0.00259               0.00012              -1.66306 
              0.00286               0.00014              -1.66512 
              0.00316               0.00015              -1.66750 
              0.00345               0.00016              -1.67034 
              0.00371               0.00017              -1.67374 
              0.00396               0.00018              -1.67769 
              0.00423               0.00019              -1.68221 
              0.00453               0.00020              -1.68726 
              0.00485               0.00020              -1.69285 
              0.00521               0.00021              -1.69895 
              0.00559               0.00021              -1.70554 
              0.00600               0.00021              -1.71259 
              0.00644               0.00020              -1.72009 
              0.00689               0.00019              -1.72804 
              0.00735               0.00018              -1.73648 
              0.00783               0.00016              -1.74548 
              0.00832               0.00014              -1.75511 
              0.00881               0.00013              -1.76551 
              0.00929               0.00011              -1.77680 
              0.00975               0.00010              -1.78911 
              0.01018               0.00009              -1.80255 
              0.01054               0.00008              -1.81719 
              0.01082               0.00007              -1.83306 
              0.01095               0.00007              -1.85011 
              0.01087               0.00006              -1.86822 
              0.01050               0.00006              -1.88717 
              0.00973               0.00006              -1.90668 
              0.00839               0.00006              -1.92631 
              0.00649               0.00009              -1.94570 
              0.00408               0.00013              -1.96441 
              0.00049               0.00016              -1.98117 
             -0.00488               0.00021              -1.99460 
             -0.01267               0.00028              -2.00302 
             -0.02378               0.00038              -2.00422 
             -0.03942               0.00053              -1.99532 
             -0.06128               0.00075              -1.97274 
             -0.09182               0.00107              -1.93229 
             -0.13382               0.00155              -1.86718 
             -0.19004               0.00225              -1.77160 
             -0.26797               0.00342              -1.62934 
             -0.37907               0.00524              -1.41656 
             -0.53743               0.00784              -1.10538 
             -0.76128               0.01172              -0.66154 
             -1.07099               0.01763              -0.04982 
             -1.48312               0.02599               0.75316 
             -1.99763               0.03696               1.73497 
             -2.57791               0.04998               2.80971 
             -3.13845               0.06313               3.80255 
             -3.56270               0.07355               4.49402 
             -3.75968               0.07888               4.73115 
             -3.72175               0.07866               4.52714 
             -3.52882               0.07453               4.05269 
             -3.29703               0.06921               3.53052 
             -3.12378               0.06515               3.13526 
             -3.06620               0.06395               2.96081 
             -3.14675               0.06640               3.03697 
             -3.36427               0.07284               3.35308 
             -3.69755               0.08323               3.86655 
             -4.10077               0.09686               4.49668 
             -4.50037               0.11193               5.12012 
             -4.80806               0.12547               5.59244 
             -4.95594               0.13443               5.80470 
             -4.93217               0.13728               5.73966 
             -4.78341               0.13490               5.47413 
             -4.58276               0.12976               5.12632 
             -4.39386               0.12440               4.79823 
             -4.25345               0.12048               4.54805 
             -4.17122               0.11859               4.39005 
             -4.13657               0.11849               4.30602 
             -4.12580               0.11945               4.25743 
             -4.10894               0.12040               4.19689 
             -4.05795               0.12014               4.08150 
             -3.95644               0.11775               3.88786 
             -3.80678               0.11299               3.62228 
             -3.63022               0.10645               3.32008 
             -3.46138               0.09979               3.03565 
             -3.34090               0.09533               2.83159 
             -3.30999               0.09576               2.77079 
             -3.40600               0.10414               2.91011 
             -3.65533               0.12365               3.28988 
             -4.05982               0.15671               3.91385 
             -4.57977               0.20323               4.72411 
             -5.12712               0.25891               5.59065 
             -5.59209               0.31578               6.35009 
             -5.90861               0.36703               6.90311 
             -6.11162               0.41364               7.30406 
             -6.31936               0.46599               7.74041 
             -6.63468               0.53699               8.38508 
             -7.03298               0.62941               9.21566 
             -7.32150               0.72562               9.93044 
             -7.24677               0.79188              10.09675 
             -6.70721               0.80291               9.49468 
             -5.84702               0.76328               8.30950 
             -4.92379               0.70113               6.95464 
             -4.13408               0.64603               5.78513 
             -3.55703               0.61605               4.98002 
             -3.18660               0.61834               4.57431 
             -2.97369               0.65217               4.51867 
             -2.84902               0.71008               4.70740 
             -2.73613               0.77727               4.98573 
             -2.56847               0.83311               5.17056 
             -2.31174               0.85761               5.10454 
             -1.97657               0.84049               4.72118 
             -1.60718               0.78554               4.06802 
             -1.25352               0.70645               3.26557 
             -0.94884               0.61832               2.43837 
             -0.70427               0.53168               1.66937 
             -0.51593               0.45188               0.99505 
             -0.37361               0.38007               0.41885 
             -0.26672               0.31556              -0.07025 
             -0.18684               0.25762              -0.48591 
             -0.12788               0.20570              -0.83772 
             -0.08498               0.15994              -1.13091 
             -0.05447               0.12068              -1.36872 
             -0.03346               0.08800              -1.55395 
             -0.01946               0.06165              -1.69195 
             -0.01032               0.04037              -1.79340 
             -0.00498               0.02386              -1.86244 
             -0.00212               0.01196              -1.90152 
             -0.00068               0.00386              -1.91707 
             -0.00004              -0.00131              -1.91569 
              0.00018              -0.00438              -1.90339 
              0.00021              -0.00602              -1.88510 
              0.00015              -0.00667              -1.86452 
              0.00006              -0.00658              -1.84415 
             -0.00003              -0.00619              -1.82511 
             -0.00012              -0.00572              -1.80784 
             -0.00021              -0.00525              -1.79241 
             -0.00033              -0.00485              -1.77868 
             -0.00056              -0.00467              -1.76655 
             -0.00076              -0.00462              -1.75562 
             -0.00088              -0.00458              -1.74551 
             -0.00095              -0.00452              -1.73603 
             -0.00100              -0.00443              -1.72710 
             -0.00102              -0.00430              -1.71871 
             -0.00101              -0.00414              -1.71092 
             -0.00097              -0.00396              -1.70378 
             -0.00099              -0.00371              -1.69743 
             -0.00113              -0.00337              -1.69200 
             -0.00130              -0.00301              -1.68728 
             -0.00142              -0.00268              -1.68309 
             -0.00149              -0.00238              -1.67936 
             -0.00151              -0.00212              -1.67602 
             -0.00150              -0.00188              -1.67303 
             -0.00146              -0.00168              -1.67034 
             -0.00141              -0.00150              -1.66791 
             -0.00135              -0.00134              -1.66570 
             -0.00127              -0.00121              -1.66370 
             -0.00120              -0.00109              -1.66187 
             -0.00112              -0.00100              -1.66018 
             -0.00104              -0.00092              -1.65862 
             -0.00097              -0.00085              -1.65714 
             -0.00088              -0.00077              -1.65579 
             -0.00077              -0.00068              -1.65459 
             -0.00062              -0.00054              -1.65357 
             -0.00046              -0.00040              -1.65264 
             -0.00030              -0.00026              -1.65175 
             -0.00015              -0.00014              -1.65091 
             -0.00004              -0.00003              -1.65023 
             -0.00000              -0.00000              -1.65001 
              0.00000               0.00000              -1.65000 
             -0.00000               0.00000              -1.65000 
              0.00000              -0.00000              -1.65000 
             -0.00000              -0.00000              -1.65000 
              0.00000              -0.00000              -1.65000 
             -0.00000               0.00000              -1.65000 
             -0.00000              -0.00000              -1.65000 
             -0.00000              -0.00000              -1.65000 
              0.00000               0.00000              -1.65000 
             -0.00000               0.00000              -1.65000 
             -0.00000               0.00000              -1.65000 
              0.00000               0.00000              -1.65000 
             -0.00000               0.00000              -1.65000 
             -0.00000              -0.00000              -1.65000 
              0.00000               0.00000              -1.65000 
             -0.00000              -0.00000              -1.65000 
              0.00000               0.00000              -1.65000 
              0.00000               0.00000              -1.65000 
             -0.00000              -0.00000              -1.65000 
              0.00000               0.00000              -1.65000 
              0.00000               0.00000              -1.65000 
              0.00000               0.00000              -1.65000 
              0.00000              -0.00000              -1.65000 
              0.00000              -0.00000              -1.65000 
              0.00000              -0.00000              -1.65000 
              0.00000               0.00000              -1.65000 
              0.00000              -0.00000              -1.65000 
              0.00000               0.00000              -1.65000 
              0.00000               0.00000              -1.65000 
              0.00000              -0.00000              -1.65000 
              0.00000               0.00000              -1.65000 
             -0.00000               0.00000              -1.65000 
             -0.00000               0.00000              -1.65000 
             -0.00000               0.00000              -1.65000 
              0.00000              -0.00000              -1.65000 
             -0.00000               0.00000              -1.65000 
             -0.00000              -0.00000              -1.65000 
              0.00000               0.00000              -1.65000 
             -0.00000               0.00000              -1.65000 
             -0.00000              -0.00000              -1.65000 
             -0.00000               0.00000              -1.65000 
             -0.00000              -0.00000              -1.65000 
             -0.00000               0.00000              -1.65000 
              0.00000              -0.00000              -1.65000 
             -0.00000               0.00000              -1.65000 
             -0.00000              -0.00000              -1.65000 
              0.00000               0.00000              -1.65000 
              0.00000               0.00000              -1.65000 
              0.00000              -0.00000              -1.65000 
              0.00000              -0.00000              -1.65000 
              0.00000              -0.00000              -1.65000 
              0.00000               0.00000              -1.65000 
             -0.00000               0.00000              -1.65000 
             -0.00000              -0.00000              -1.65000 
              0.00000              -0.00000              -1.65000 
             -0.00000               0.00000              -1.65000 
              0.00000              -0.00000              -1.65000 
              0.00000              -0.00000              -1.65000 
              0.00000               0.00000              -1.65000 
              0.00000               0.00000              -1.65000 
              0.00000               0.00000              -1.65000 
              0.00000               0.00000              -1.65000 
              0.00000              -0.00000              -1.65000 
              0.00000               0.00000              -1.65000 
              0.00000               0.00000              -1.65000 
              0.00000              -0.00000              -1.65000 
              0.00000              -0.00000              -1.65000 
              0.00000               0.00000              -1.65000 
              0.00000               0.00000              -1.65000 
              0.00000              -0.00000              -1.65000 
              0.00000               0.00000              -1.65000 
              0.00000               0.00000              -1.65000 
              0.00000               0.00000              -1.65000 
             -0.00000              -0.00000              -1.65000 
             -0.00000               0.00000              -1.65000 
              0.00000               0.00000              -1.65000 
             -0.00000               0.00000              -1.65000 
              0.00000              -0.00000              -1.65000 
             -0.00000              -0.00000              -1.65000 
             -0.00000              -0.00000              -1.65000 
             -0.00000               0.00000              -1.65000 
             -0.00000              -0.00000              -1.65000 
             -0.00000               0.00000              -1.65000 
             -0.00000              -0.00000              -1.65000 
             -0.00000               0.00000              -1.65000 
             -0.00000               0.00000              -1.65000 
             -0.00000              -0.00000              -1.65000 
             -0.00000               0.00000              -1.65000 
             -0.00000              -0.00000              -1.65000 
              0.00000              -0.00000              -1.65000 
             -0.00000               0.00000              -1.65000 
             -0.00000              -0.00000              -1.65000 
             -0.00000               0.00000              -1.65000 
             -0.00000              -0.00000              -1.65000 
              0.00000               0.00000              -1.65005 
              0.00003               0.00002              -1.65043 
              0.00009               0.00004              -1.65119 
              0.00014               0.00008              -1.65209 
              0.00019               0.00011              -1.65314 
              0.00023               0.00015              -1.65434 
              0.00027               0.00019              -1.65568 
              0.00029               0.00024              -1.66713 
              0.00030               0.00029              -1.66865 
              0.00029               0.00034              -1.67019 
              0.00025               0.00038              -1.67167 
              0.00020               0.00042              -1.67303 
              0.00013               0.00044              -1.67420 
              0.00004               0.00046              -1.67515 
             -0.00006               0.00047              -1.67584 
             -0.00016               0.00046              -1.67627 
             -0.00025               0.00045              -1.67650 
             -0.00034               0.00044              -1.67659 
             -0.00043               0.00042              -1.67662 
             -0.00051               0.00040              -1.67673 
             -0.00059               0.00039              -1.67706 
             -0.00067               0.00039              -1.67776 
             -0.00078               0.00040              -1.67901 
             -0.00092               0.00043              -1.68099 
             -0.00110               0.00047              -1.68387 
             -0.00133               0.00053              -1.68779 
             -0.00163               0.00062              -1.69287 
             -0.00196               0.00068              -1.69926 
             -0.00208               0.00058              -1.70743 
             -0.00192               0.00056              -1.71737 
             -0.00161               0.00064              -1.72876 
             -0.00148               0.00057              -1.74155 
             -0.00154               0.00052              -1.75550 
             -0.00173               0.00054              -1.77030 
             -0.00195               0.00060              -1.78570 
             -0.00218               0.00064              -1.80162 
             -0.00241               0.00067              -1.81812 
             -0.00262               0.00068              -1.83532 
             -0.00279               0.00064              -1.85321 
             -0.00287               0.00057              -1.87148 
             -0.00275               0.00044              -1.88926 
             -0.00226               0.00026              -1.90461 
             -0.00106               0.00003              -1.91400 
              0.00144              -0.00019              -1.91161 
              0.00635              -0.00028              -1.88853 
              0.01501               0.00004              -1.83149 
              0.02906               0.00123              -1.72336 
              0.05074               0.00411              -1.54541 
              0.08497               0.01017              -1.25409 
              0.13798               0.02117              -0.79883 
              0.21660               0.03972              -0.13112 
              0.32643               0.06895               0.77984 
              0.46724               0.11126               1.91503 
              0.62747               0.16625               3.16911 
              0.78205               0.22864               4.34216 
              0.89982               0.28996               5.20591 
              0.96082               0.34234               5.63234 
              0.96918               0.38423               5.68761 
              0.94950               0.42274               5.59735 
              0.93085               0.47126               5.62357 
              0.93346               0.54579               5.96807 
              0.96298               0.66164               6.72905 
              1.00871               0.82801               7.86524 
              1.04447               1.03768               9.14389 
              1.03733               1.25655              10.14664 
              0.96734               1.42979              10.44662 
              0.84450               1.51269               9.88801 
              0.70344               1.50131               8.69283 
              0.57970               1.43118               7.27900 
              0.49194               1.34890               5.99573 
              0.44276               1.28804               5.01111 
              0.42834               1.26569               4.35707 
              0.44555               1.28941               4.00813 
              0.49403               1.36307               3.92565 
              0.57526               1.48770               4.06530 
              0.68922               1.65757               4.36282 
              0.82874               1.85301               4.71258 
              0.97353               2.03499               4.96174 
              1.08979               2.15033               4.94556 
              1.14167               2.15279               4.56368 
              1.11047               2.02888               3.84274 
              1.00468               1.80468               2.91979 
              0.85248               1.52892               1.96368 
              0.68540               1.24892               1.10325 
              0.52639               0.99625               0.40270 
              0.38705               0.78503              -0.12585 
              0.26950               0.61647              -0.49846 
              0.17019               0.48484              -0.74039 
              0.08175               0.38099              -0.87331 
             -0.00562               0.29463              -0.90954 
             -0.10280               0.21589              -0.85127 
             -0.22201               0.13541              -0.68977 
             -0.37805               0.04356              -0.40432 
             -0.58874              -0.06985               0.03656 
             -0.87362              -0.21473               0.67004 
             -1.24826              -0.39772               1.52395 
             -1.70739              -0.61180               2.58475 
             -2.21439              -0.83404               3.76394 
             -2.67221              -1.00572               4.86885 
             -2.95844              -1.05785               5.66648 
             -2.99389              -0.95224               6.01530 
             -2.80350              -0.71502               5.96436 
             -2.50220              -0.42416               5.71741 
             -2.22277              -0.16355               5.50680 
             -2.05617               0.01008               5.49005 
             -2.03651               0.06860               5.70782 
             -2.15045               0.00213               6.08395 
             -2.34591              -0.17880               6.45522 
             -2.54271              -0.43299               6.63553 
             -2.66101              -0.69527               6.49992 
             -2.66008              -0.90691               6.04426 
             -2.55446              -1.04320               5.37775 
             -2.39382              -1.11397               4.65617 
             -2.23092              -1.14559               4.01387 
             -2.10242              -1.16389               3.53116 
             -2.02366              -1.18494               3.23186 
             -1.99079              -1.21201               3.09283 
             -1.98432              -1.23619               3.05297 
             -1.97324              -1.23933               3.02177 
             -1.92245              -1.20081               2.89684 
             -1.80460              -1.10711               2.59678 
             -1.61301              -0.96094               2.09620 
             -1.36547              -0.78182               1.43809 
             -1.09508              -0.59688               0.71209 
             -0.83546              -0.42956               0.01277 
             -0.61028              -0.29359              -0.59332 
             -0.42982              -0.19233              -1.07601 
             -0.29371              -0.12234              -1.43458 
             -0.19580              -0.07685              -1.68399 
             -0.12730              -0.04816              -1.84667 
             -0.07763              -0.02914              -1.95189 
             -0.04400              -0.01737              -2.00868 
             -0.02216              -0.01032              -2.02893 
             -0.00834              -0.00600              -2.02408 
             -0.00012              -0.00341              -2.00325 
              0.00454              -0.00218              -1.97403 
              0.00699              -0.00169              -1.94170 
              0.00809              -0.00140              -1.90976 
              0.00862              -0.00125              -1.88055 
              0.00892              -0.00121              -1.85497 
              0.00898              -0.00115              -1.83277 
              0.00890              -0.00106              -1.81337 
              0.00872              -0.00095              -1.79609 
              0.00849              -0.00084              -1.78036 
              0.00821              -0.00074              -1.76584 
              0.00788              -0.00065              -1.75246 
              0.00737              -0.00054              -1.74051 
              0.00668              -0.00043              -1.73020 
              0.00605              -0.00032              -1.72143 
              0.00555              -0.00024              -1.71417 
              0.00517              -0.00017              -1.70840 
              0.00490              -0.00012              -1.70400 
              0.00472              -0.00008              -1.70080 
              0.00462              -0.00005              -1.69866 
              0.00457              -0.00003              -1.69740 
              0.00458              -0.00002              -1.69689 
              0.00462              -0.00002              -1.69693 
              0.00469              -0.00001              -1.69729 
              0.00476              -0.00001              -1.69770 
              0.00482               0.00000              -1.69793 
              0.00485               0.00002              -1.69776 
              0.00483               0.00006              -1.69706 
              0.00476               0.00011              -1.69576 
              0.00462               0.00018              -1.69387 
              0.00443               0.00025              -1.69151 
              0.00419               0.00032              -1.68884 
              0.00390               0.00035              -1.68609 
              0.00357               0.00031              -1.68349 
              0.00322               0.00020              -1.68119 
              0.00289               0.00007              -1.67919 
              0.00259              -0.00005              -1.67755 
              0.00234              -0.00016              -1.67626 
              0.00214              -0.00027              -1.67533 
              0.00196              -0.00039              -1.67472 
              0.00182              -0.00051              -1.67438 
              0.00168              -0.00065              -1.67423 
              0.00156              -0.00081              -1.67422 
              0.00144              -0.00098              -1.67426 
              0.00131              -0.00117              -1.67432 
              0.00118              -0.00137              -1.67432 
              0.00104              -0.00158              -1.67425 
              0.00090              -0.00177              -1.67409 
              0.00076              -0.00196              -1.67381 
              0.00063              -0.00212              -1.67339 
              0.00051              -0.00225              -1.67286 
              0.00038              -0.00234              -1.67225 
              0.00026              -0.00238              -1.67160 
              0.00013              -0.00238              -1.67092 
              0.00002              -0.00235              -1.67023 
             -0.00005              -0.00228              -1.66965 
             -0.00011              -0.00219              -1.66917 
             -0.00010              -0.00209              -1.66884 
             -0.00008              -0.00200              -1.66860 
             -0.00003              -0.00193              -1.66846 
              0.00005              -0.00187              -1.66844 
              0.00013              -0.00181              -1.66846 
              0.00022              -0.00176              -1.66844 
              0.00029              -0.00170              -1.66833 
              0.00035              -0.00163              -1.66806 
              0.00038              -0.00152              -1.66760 
              0.00038              -0.00139              -1.66692 
              0.00034              -0.00123              -1.66604 
              0.00028              -0.00105              -1.66501 
              0.00020              -0.00085              -1.66388 
              0.00012              -0.00064              -1.66277 
              0.00005              -0.00043              -1.66173 
              0.00000              -0.00026              -1.66093 
             -0.00000              -0.00011              -1.66038 
              0.00000              -0.00003              -1.66011 
              0.00000              -0.00001              -1.66004 
              0.00000              -0.00000              -1.66002 
              0.00000               0.00000              -1.66001 
              0.00001               0.00000              -1.66003 
              0.00003               0.00000              -1.66007 
              0.00004               0.00001              -1.66013 
              0.00006               0.00001              -1.66020 
              0.00009               0.00001              -1.66029 
              0.00013               0.00002              -1.66041 
              0.00017               0.00002              -1.66056 
              0.00020               0.00003              -1.66069 
              0.00023               0.00003              -1.66081 
              0.00025               0.00004              -1.66091 
              0.00027               0.00004              -1.66101 
              0.00029               0.00005              -1.66111 
              0.00031               0.00005              -1.66122 
              0.00034               0.00006              -1.66135 
              0.00038               0.00006              -1.66151 
              0.00042               0.00007              -1.66170 
              0.00047               0.00008              -1.66193 
              0.00054               0.00009              -1.66218 
              0.00061               0.00009              -1.66248 
              0.00070               0.00011              -1.66282 
              0.00081               0.00012              -1.66322 
              0.00094               0.00013              -1.66369 
              0.00110               0.00015              -1.66424 
              0.00129               0.00016              -1.66489 
              0.00150               0.00015              -1.66570 
              0.00173               0.00011              -1.66668 
              0.00196              -0.00002              -1.66796 
              0.00220              -0.00022              -1.66950 
              0.00244              -0.00043              -1.67128 
              0.00269              -0.00061              -1.67335 
              0.00295              -0.00077              -1.67570 
              0.00322              -0.00094              -1.67831 
              0.00351              -0.00111              -1.68123 
              0.00382              -0.00129              -1.68458 
              0.00409              -0.00149              -1.68854 
              0.00430              -0.00171              -1.69333 
              0.00446              -0.00193              -1.69909 
              0.00464              -0.00216              -1.70581 
              0.00484              -0.00239              -1.71349 
              0.00507              -0.00262              -1.72202 
              0.00532              -0.00283              -1.73126 
              0.00558              -0.00302              -1.74095 
              0.00586              -0.00318              -1.75085 
              0.00613              -0.00331              -1.76072 
              0.00641              -0.00340              -1.77041 
              0.00669              -0.00345              -1.77989 
              0.00698              -0.00346              -1.78929 
              0.00728              -0.00345              -1.79892 
              0.00760              -0.00340              -1.80921 
              0.00795              -0.00332              -1.82073 
              0.00831              -0.00322              -1.83405 
              0.00869              -0.00310              -1.84970 
              0.00902              -0.00297              -1.86800 
              0.00926              -0.00283              -1.88902 
              0.00929              -0.00269              -1.91255 
              0.00899              -0.00254              -1.93809 
              0.00821              -0.00239              -1.96493 
              0.00676              -0.00221              -1.99225 
              0.00442              -0.00199              -2.01919 
              0.00098              -0.00171              -2.04489 
             -0.00384              -0.00132              -2.06860 
             -0.01043              -0.00078              -2.08984 
             -0.01928               0.00001              -2.10751 
             -0.03102               0.00119              -2.12051 
             -0.04652               0.00290              -2.12723 
             -0.06675               0.00524              -2.12490 
             -0.09298               0.00839              -2.11057 
             -0.12661               0.01246              -2.08077 
             -0.16999               0.01747              -2.03022 
             -0.22500               0.02331              -1.95400 
             -0.29420               0.02957              -1.84574 
             -0.38404               0.03521              -1.69360 
             -0.50309               0.03840              -1.48387 
             -0.66177               0.03583              -1.20158 
             -0.87212               0.02195              -0.83343 
             -1.14405              -0.00859              -0.36876 
             -1.47951              -0.06723               0.19621 
             -1.86360              -0.16958               0.84621 
             -2.25616              -0.32883               1.53488 
             -2.59140              -0.54865               2.18815 
             -2.79835              -0.81680               2.72319 
             -2.83942              -1.10286               3.08318 
             -2.73984              -1.36535               3.26439 
             -2.57884              -1.56894               3.31948 
             -2.45483              -1.70045               3.33952 
             -2.45785              -1.76984               3.43033 
             -2.66176              -1.79605               3.69145 
             -3.12575              -1.79040               4.19880 
             -3.88765              -1.75296               4.99067 
             -4.93375              -1.68287               6.04470 
             -6.13911              -1.59209               7.22768 
             -7.21559              -1.51145               8.25349 
             -7.77578              -1.47921               8.75720 
             -7.57353              -1.51670               8.52725 
             -6.71416              -1.61597               7.68300 
             -5.56453              -1.75203               6.57522 
             -4.47931              -1.90587               5.54386 
             -3.64558              -2.07754               4.78755 
             -3.10333              -2.28367               4.37852 
             -2.82212              -2.54229               4.32220 
             -2.75160              -2.85409               4.58583 
             -2.83457              -3.18211               5.08866 
             -3.00134              -3.44351               5.68109 
             -3.16945              -3.53535               6.15709 
             -3.25946              -3.39242               6.33078 
             -3.23212              -3.03293               6.13108 
             -3.10952              -2.54254               5.64402 
             -2.96859              -2.01833               5.06837 
             -2.91029              -1.52084               4.63797 
             -3.03395              -1.05461               4.56406 
             -3.41705              -0.57422               5.00202 
             -4.06921              -0.01612               5.99378 
             -4.85136               0.63835               7.35177 
             -5.44782               1.30009               8.57444 
             -5.51344               1.78733               9.01296 
             -4.93807               1.95298               8.31119 
             -3.96562               1.81834               6.73555 
             -2.97603               1.54126               4.93170 
             -2.19928               1.26964               3.40090 
             -1.67494               1.07246               2.31800 
             -1.35436               0.96207               1.65978 
             -1.17895               0.93278               1.35111 
             -1.10570               0.98094               1.33268 
             -1.10544               1.10923               1.57574 
             -1.15525               1.32598               2.07019 
             -1.22948               1.63853               2.79914 
             -1.29202               2.03900               3.70236 
             -1.29523               2.48393               4.63245 
             -1.19291               2.87931               5.33991 
             -0.96939               3.09952               5.54620 
             -0.66402               3.05677               5.11053 
             -0.35597               2.76861               4.14973 
             -0.11310               2.34387               2.96144 
              0.04162               1.90286               1.82795 
              0.12111               1.51968               0.90014 
              0.14981               1.21912               0.21052 
              0.14860               0.99728              -0.26846 
              0.13033               0.83902              -0.58144 
              0.10149               0.72674              -0.77153 
              0.06387               0.64360              -0.87611 
              0.01601               0.57427              -0.92500 
             -0.04330               0.50674              -0.94314 
             -0.11283               0.43385              -0.95034 
             -0.18605               0.35500              -0.96445 
             -0.25347               0.27458              -0.99823 
             -0.30461               0.19982              -1.05987 
             -0.33212               0.13714              -1.15087 
             -0.33448               0.08935              -1.26680 
             -0.31608               0.05557              -1.39734 
             -0.28485               0.03283              -1.52894 
             -0.24888               0.01787              -1.64916 
             -0.21424               0.00850              -1.74878 
             -0.18466               0.00275              -1.82468 
             -0.16155              -0.00072              -1.87859 
             -0.14585              -0.00312              -1.91261 
             -0.13750              -0.00517              -1.92984 
             -0.13571              -0.00722              -1.93379 
             -0.13949              -0.00947              -1.92742 
             -0.14777              -0.01197              -1.91312 
             -0.15923              -0.01469              -1.89325 
             -0.17250              -0.01751              -1.86999 
             -0.18621              -0.02028              -1.84545 
             -0.19873              -0.02275              -1.82221 
             -0.20840              -0.02461              -1.80297 
             -0.21406              -0.02568              -1.78962 
             -0.21531              -0.02591              -1.78268 
             -0.21239              -0.02540              -1.78174 
             -0.20634              -0.02434              -1.78502 
             -0.19875              -0.02303              -1.78974 
             -0.19158              -0.02176              -1.79247 
             -0.18663              -0.02081              -1.78991 
             -0.18532              -0.02041              -1.77930 
             -0.18854              -0.02070              -1.75851 
             -0.19655              -0.02174              -1.72647 
             -0.20880              -0.02347              -1.68368 
             -0.22392              -0.02567              -1.63263 
             -0.23961              -0.02796              -1.57869 
             -0.25291              -0.02979              -1.52945 
             -0.26082              -0.03059              -1.49345 
             -0.26097              -0.02991              -1.47804 
             -0.25223              -0.02761              -1.48722 
             -0.23507              -0.02389              -1.52053 
             -0.21125              -0.01922              -1.57304 
             -0.18338              -0.01421              -1.63716 
             -0.15410              -0.00938              -1.70524 
             -0.12573              -0.00521              -1.77029 
             -0.09961              -0.00193              -1.82842 
             -0.07656               0.00046              -1.87749 
             -0.05711               0.00208              -1.91593 
             -0.04150               0.00303              -1.94315 
             -0.02948               0.00348              -1.96053 
             -0.02058               0.00362              -1.97023 
             -0.01427               0.00360              -1.97469 
             -0.01005               0.00356              -1.97623 
             -0.00747               0.00358              -1.97671 
             -0.00618               0.00373              -1.97732 
             -0.00585               0.00400              -1.97853 
             -0.00624               0.00440              -1.98022 
             -0.00705               0.00488              -1.98199 
             -0.00803               0.00538              -1.98342 
             -0.00888               0.00582              -1.98429 
             -0.00935               0.00610              -1.98449 
             -0.00926               0.00617              -1.98401 
             -0.00856               0.00598              -1.98277 
             -0.00728               0.00554              -1.98063 
             -0.00559               0.00485              -1.97736 
             -0.00371               0.00400              -1.97275 
             -0.00183               0.00304              -1.96676 
             -0.00013               0.00205              -1.95954 
              0.00130               0.00109              -1.95143 
              0.00242               0.00020              -1.94283 
              0.00325              -0.00064              -1.93411 
              0.00384              -0.00141              -1.92554 
              0.00425              -0.00210              -1.91724 
              0.00453              -0.00275              -1.90918 
              0.00469              -0.00331              -1.90121 
              0.00473              -0.00379              -1.89320 
              0.00461              -0.00422              -1.88494 
              0.00440              -0.00461              -1.87619 
              0.00405              -0.00495              -1.86685 
              0.00360              -0.00522              -1.85682 
              0.00315              -0.00540              -1.84599 
              0.00272              -0.00549              -1.83445 
              0.00229              -0.00554              -1.82243 
              0.00188              -0.00562              -1.81020 
              0.00152              -0.00567              -1.79791 
              0.00124              -0.00566              -1.78577 
              0.00109              -0.00564              -1.77414 
              0.00102              -0.00563              -1.76335 
              0.00097              -0.00563              -1.75366 
              0.00092              -0.00567              -1.74533 
              0.00089              -0.00569              -1.73851 
              0.00085              -0.00573              -1.73345 
              0.00081              -0.00580              -1.73029 
              0.00077              -0.00592              -1.72916 
              0.00074              -0.00609              -1.73012 
              0.00071              -0.00634              -1.73317 
              0.00069              -0.00665              -1.73822 
              0.00067              -0.00703              -1.74511 
              0.00064              -0.00746              -1.75355 
              0.00061              -0.00793              -1.76325 
              0.00060              -0.00829              -1.77391 
              0.00060              -0.00857              -1.78514 
              0.00063              -0.00881              -1.79656 
              0.00067              -0.00901              -1.80803 
              0.00069              -0.00919              -1.81955 
              0.00071              -0.00933              -1.83113 
              0.00071              -0.00939              -1.84294 
              0.00068              -0.00929              -1.85529 
              0.00056              -0.00895              -1.86851 
              0.00028              -0.00821              -1.88275 
             -0.00020              -0.00683              -1.89782 
             -0.00107              -0.00439              -1.91288 
             -0.00211              -0.00025              -1.92588 
             -0.00340               0.00668              -1.93343 
             -0.00475               0.01781              -1.93051 
             -0.00572               0.03476              -1.91137 
             -0.00553               0.05957              -1.86854 
             -0.00304               0.09473              -1.79264 
              0.00336               0.14228              -1.67495 
              0.01588               0.20182              -1.51431 
              0.03611               0.27035              -1.31782 
              0.06504               0.34165              -1.10240 
              0.10022               0.40919              -0.88733 
              0.14002               0.46980              -0.68356 
              0.18434               0.52874              -0.47765 
              0.23649               0.59955              -0.23117 
              0.30411               0.70308               0.11321 
              0.39603               0.86435               0.62536 
              0.51768               1.10843               1.37021 
              0.66261               1.45095               2.37642 
              0.80123               1.87842               3.59110 
              0.87981               2.32905               4.84082 
              0.84316               2.69989               5.84983 
              0.67273               2.89457               6.34939 
              0.40395               2.87876               6.22843 
              0.09792               2.69309               5.61282 
             -0.20575               2.41631               4.78565 
             -0.50750               2.11790               4.01964 
             -0.82615               1.83678               3.46063 
             -1.16789               1.58597               3.11900 
             -1.51434               1.36544               2.92678 
             -1.82976               1.17348               2.79915 
             -2.08846               1.00799               2.68482 
             -2.29722               0.86508               2.58551 
             -2.49078               0.74088               2.53742 
             -2.70307               0.63586               2.57108 
             -2.94383               0.55409               2.68452 
             -3.19498               0.49829               2.84200 
             -3.41509               0.46573               2.98241 
             -3.54475               0.44642               3.02849 
             -3.52814               0.42342               2.91630 
             -3.35138               0.38442               2.63577 
             -3.05104               0.32726               2.23336 
             -2.68346               0.26053               1.76943 
             -2.29961               0.19380               1.29047 
             -1.93765               0.13340               0.82822 
             -1.62268               0.08214               0.40560 
             -1.36668               0.04103               0.03981 
             -1.17151               0.00829              -0.26015 
             -1.03178              -0.01731              -0.49185 
             -0.93848              -0.03764              -0.66080 
             -0.88033              -0.05398              -0.77811 
             -0.84485              -0.06608              -0.85841 
             -0.81959              -0.07358              -0.91867 
             -0.79294              -0.07521              -0.97385 
             -0.75615              -0.07116              -1.03649 
             -0.70498              -0.06264              -1.11395 
             -0.64077              -0.05178              -1.20598 
             -0.56990              -0.04081              -1.30511 
             -0.50144              -0.03152              -1.39852 
             -0.44474              -0.02441              -1.47185 
             -0.40764              -0.01969              -1.51033 
             -0.39710              -0.01674              -1.49813 
             -0.42117              -0.01455              -1.41283 
             -0.49084              -0.01134              -1.21897 
             -0.61998              -0.00542              -0.86224 
             -0.81728              -0.00349              -0.26380 
             -1.06682              -0.03879               0.67332 
             -1.30022              -0.19695               2.03788 
             -1.38281              -0.62271               3.86023 
             -1.16843              -1.41874               5.97973 
             -0.65234              -2.40462               7.83929 
             -0.05825              -3.07696               8.64386 
              0.38192              -3.14341               8.15615 
              0.61848              -2.79336               6.88687 
              0.69747              -2.31454               5.42912 
              0.67935              -1.87413               4.15919 
              0.60571              -1.52587               3.25372 
              0.48495              -1.24935               2.73892 
              0.30685              -0.99871               2.58491 
              0.06315              -0.73153               2.76920 
             -0.23401              -0.41412               3.24594 
             -0.53040              -0.03562               3.86528 
             -0.73312               0.36776               4.34974 
             -0.77656               0.72410               4.43706 
             -0.68455               0.98029               4.08223 
             -0.53314               1.12919               3.45711 
             -0.38155               1.19520               2.78148 
             -0.25281               1.21298               2.19776 
             -0.14653               1.20771               1.73999 
             -0.05582               1.18567               1.36784 
              0.02451               1.13792               1.01852 
              0.09564               1.05528               0.65075 
              0.15478               0.94432               0.26980 
              0.19785               0.82839              -0.08336 
              0.22295               0.73294              -0.36755 
              0.23148               0.67365              -0.56341 
              0.22661               0.65445              -0.67416 
              0.21243               0.66870              -0.71949 
              0.19377               0.70021              -0.73102 
              0.17504               0.72641              -0.74696 
              0.15901               0.72600              -0.80084 
              0.14550               0.68915              -0.90802 
              0.13325               0.62077              -1.05993 
              0.12031               0.53508              -1.23547 
              0.10581               0.44612              -1.41340 
              0.08987               0.36280              -1.57990 
              0.07309               0.28887              -1.72824 
              0.05647               0.22465              -1.85594 
              0.04167               0.16946              -1.96099 
              0.02934               0.12331              -2.04210 
              0.01962               0.08629              -2.09891 
              0.01235               0.05758              -2.13354 
              0.00726               0.03664              -2.14901 
              0.00389               0.02226              -2.15009 
              0.00179               0.01296              -2.14223 
              0.00047               0.00733              -2.13078 
             -0.00045               0.00422              -2.11999 
             -0.00126               0.00268              -2.11245 
             -0.00218               0.00214              -2.10890 
             -0.00334               0.00217              -2.10865 
             -0.00475               0.00256              -2.11048 
             -0.00636               0.00318              -2.11308 
             -0.00803               0.00398              -2.11555 
             -0.00963               0.00502              -2.11736 
             -0.01106               0.00634              -2.11840 
             -0.01224               0.00798              -2.11891 
             -0.01313               0.00994              -2.11928 
             -0.01378               0.01222              -2.11981 
             -0.01423               0.01491              -2.12093 
             -0.01453               0.01810              -2.12277 
             -0.01472               0.02190              -2.12476 
             -0.01483               0.02638              -2.12550 
             -0.01503               0.03159              -2.12253 
             -0.01545               0.03745              -2.11268 
             -0.01645               0.04347              -2.09279 
             -0.01901               0.04852              -2.06033 
             -0.02439               0.05167              -2.01389 
             -0.03304               0.05139              -1.95461 
             -0.04657               0.04653              -1.88551 
             -0.06483               0.03617              -1.81279 
             -0.08630               0.01989              -1.74288 
             -0.10794              -0.00207              -1.68257 
             -0.12582              -0.02861              -1.63689 
             -0.13623              -0.05839              -1.60859 
             -0.13687              -0.08945              -1.59820 
             -0.12720              -0.12060              -1.60373 
             -0.10949              -0.14994              -1.62229 
             -0.08739              -0.17527              -1.64892 
             -0.06470              -0.19450              -1.67907 
             -0.04405              -0.20608              -1.70955 
             -0.02663              -0.20955              -1.73876 
             -0.01203              -0.20573              -1.76536 
              0.00026              -0.19657              -1.78776 
              0.01112              -0.18471              -1.80402 
              0.02098              -0.17306              -1.81196 
              0.03028              -0.16370              -1.80973 
              0.03963              -0.15754              -1.79556 
              0.05001              -0.15453              -1.76802 
              0.06275              -0.15422              -1.72615 
              0.07979              -0.15682              -1.66789 
              0.10230              -0.16207              -1.59195 
              0.13141              -0.17004              -1.49946 
              0.16668              -0.17993              -1.39479 
              0.20665              -0.19054              -1.28451 
              0.24946              -0.20051              -1.17594 
              0.29331              -0.20814              -1.07401 
              0.33835              -0.21260              -0.97716 
              0.38722              -0.21390              -0.87826 
              0.44491              -0.21307              -0.76762 
              0.51724              -0.21262              -0.63533 
              0.61055              -0.21804              -0.46996 
              0.73233              -0.23845              -0.25482 
              0.88810              -0.28293               0.02626 
              1.07088              -0.35217               0.36607 
              1.25011              -0.43099               0.71090 
              1.37676              -0.49072               0.96953 
              1.40824              -0.50644               1.06168 
              1.32935              -0.47285               0.95189 
              1.15580              -0.40678               0.65646 
              0.93040              -0.33658               0.24413 
              0.70549              -0.28357              -0.19165 
              0.51664              -0.25369              -0.58227 
              0.37522              -0.23908              -0.90210 
              0.27734              -0.23058              -1.15288 
              0.21191              -0.22200              -1.34518 
              0.17034              -0.21143              -1.48639 
              0.14595              -0.19996              -1.58334 
              0.13373              -0.18953              -1.64250 
              0.13064              -0.18182              -1.66983 
              0.13436              -0.17726              -1.66931 
              0.14353              -0.17569              -1.64326 
              0.15722              -0.17625              -1.59292 
              0.17481              -0.17749              -1.51886 
              0.19559              -0.17819              -1.41939 
              0.21930              -0.17888              -1.28861 
              0.25026              -0.18579              -1.11097 
              0.29803              -0.21249              -0.86514 
              0.37677              -0.28150              -0.52606 
              0.49735              -0.41784              -0.07401 
              0.65486              -0.64296               0.49867 
              0.82114              -0.96470               1.17413 
              0.94389              -1.37413               1.90516 
              0.97429              -1.84684               2.63821 
              0.90874              -2.32832               3.31162 
              0.79465              -2.70630               3.80234 
              0.68373              -2.84425               3.93722 
              0.59380              -2.69376               3.64086 
              0.52147              -2.35187               3.04045 
              0.46788              -1.98057               2.37741 
              0.44149              -1.69423               1.85006 
              0.44632              -1.53155               1.54645 
              0.48015              -1.49089               1.48013 
              0.53466              -1.56636               1.63785 
              0.59639              -1.75762               1.99531 
              0.64699              -2.06342               2.51151 
              0.66842              -2.46784               3.12048 
              0.65185              -2.91621               3.71618 
              0.60336              -3.29764               4.13791 
              0.53886              -3.49100               4.22986 
              0.47232              -3.45627               3.96469 
              0.40654              -3.24401               3.44829 
              0.33639              -2.93328               2.81390 
              0.26080              -2.60665               2.19459 
              0.18563              -2.34623               1.71932 
              0.11594              -2.21791               1.48449 
              0.04941              -2.25790               1.53031 
             -0.01687              -2.45345               1.81787 
             -0.07671              -2.72861               2.22435 
             -0.11009              -2.97185               2.59532 
             -0.09880              -3.07748               2.79722 
             -0.04112              -2.95698               2.75124 
              0.05809              -2.59167               2.49586 
              0.19743              -2.08524               2.18491 
              0.33789              -1.58779               1.94874 
              0.40188              -1.18296               1.80111 
              0.35290              -0.87042               1.71979 
              0.21668              -0.62159               1.71298 
              0.02800              -0.41387               1.77197 
             -0.18022              -0.23044               1.83436 
             -0.35998              -0.06850               1.81567 
             -0.45726               0.05190               1.66576 
             -0.43944               0.10784               1.40145 
             -0.31651               0.10668               1.08636 
