              0.00178              -0.00407              -0.34249 
              0.00135              -0.00388              -0.33284 
              0.00088              -0.00369              -0.32476 
              0.00039              -0.00350              -0.31831 
             -0.00011              -0.00332              -0.31341 
             -0.00063              -0.00315              -0.30992 
             -0.00115              -0.00300              -0.30760 
             -0.00167              -0.00288              -0.30616 
             -0.00218              -0.00280              -0.30525 
             -0.00267              -0.00274              -0.30447 
             -0.00314              -0.00272              -0.30341 
             -0.00358              -0.00275              -0.30165 
             -0.00399              -0.00281              -0.29881 
             -0.00437              -0.00292              -0.29453 
             -0.00472              -0.00306              -0.28850 
             -0.00502              -0.00324              -0.28048 
             -0.00528              -0.00346              -0.27034 
             -0.00550              -0.00370              -0.25799 
             -0.00568              -0.00397              -0.24348 
             -0.00582              -0.00426              -0.22694 
             -0.00591              -0.00455              -0.20860 
             -0.00595              -0.00484              -0.18879 
             -0.00595              -0.00513              -0.16792 
             -0.00590              -0.00539              -0.14648 
             -0.00581              -0.00562              -0.12501 
             -0.00567              -0.00580              -0.10407 
             -0.00550              -0.00593              -0.08423 
             -0.00529              -0.00599              -0.06604 
             -0.00504              -0.00597              -0.04999 
             -0.00477              -0.00586              -0.03650 
             -0.00448              -0.00566              -0.02588 
             -0.00417              -0.00537              -0.01836 
             -0.00384              -0.00499              -0.01395 
             -0.00350              -0.00454              -0.01250 
             -0.00319              -0.00404              -0.01377 
             -0.00288              -0.00347              -0.01741 
             -0.00259              -0.00284              -0.02300 
             -0.00232              -0.00216              -0.02999 
             -0.00208              -0.00144              -0.03783 
             -0.00184              -0.00068              -0.04592 
             -0.00163               0.00009              -0.05369 
             -0.00145               0.00086              -0.06062 
             -0.00129               0.00162              -0.06620 
             -0.00114               0.00235              -0.07005 
             -0.00099               0.00305              -0.07186 
             -0.00085               0.00371              -0.07144 
             -0.00071               0.00431              -0.06873 
             -0.00057               0.00485              -0.06375 
             -0.00041               0.00531              -0.05665 
             -0.00024               0.00569              -0.04768 
             -0.00006               0.00595              -0.03725 
              0.00018               0.00607              -0.02582 
              0.00041               0.00608              -0.01384 
              0.00066               0.00598              -0.00183 
              0.00095               0.00578               0.00980 
              0.00129               0.00550               0.02056 
              0.00166               0.00518               0.03000 
              0.00204               0.00477               0.03782 
              0.00243               0.00427               0.04386 
              0.00286               0.00368               0.04806 
              0.00332               0.00301               0.05042 
              0.00379               0.00228               0.05108 
              0.00428               0.00150               0.05029 
              0.00477               0.00069               0.04840 
              0.00528              -0.00014               0.04583 
              0.00577              -0.00096               0.04310 
              0.00623              -0.00177               0.04078 
              0.00665              -0.00255               0.03945 
              0.00702              -0.00329               0.03971 
              0.00735              -0.00398               0.04209 
              0.00763              -0.00459               0.04706 
              0.00789              -0.00511               0.05504 
              0.00808              -0.00556               0.06641 
              0.00820              -0.00592               0.08142 
              0.00825              -0.00620               0.10025 
              0.00823              -0.00640               0.12289 
              0.00816              -0.00652               0.14927 
              0.00804              -0.00653               0.17911 
              0.00785              -0.00643               0.21201 
              0.00758              -0.00623               0.24737 
              0.00723              -0.00592               0.28448 
              0.00680              -0.00551               0.32249 
              0.00630              -0.00500               0.36045 
              0.00573              -0.00440               0.39735 
              0.00511              -0.00374               0.43218 
              0.00445              -0.00302               0.46395 
              0.00375              -0.00228               0.49177 
              0.00305              -0.00154               0.51490 
              0.00236              -0.00083               0.53282 
              0.00171              -0.00018               0.54523 
              0.00110               0.00040               0.55210 
              0.00056               0.00087               0.55369 
              0.00011               0.00122               0.55050 
             -0.00026               0.00143               0.54326 
             -0.00052               0.00151               0.53289 
             -0.00068               0.00145               0.52042 
             -0.00074               0.00125               0.50695 
             -0.00070               0.00093               0.49358 
             -0.00057               0.00050               0.48133 
             -0.00035              -0.00004               0.47113 
             -0.00006              -0.00065               0.46373 
              0.00029              -0.00133               0.45972 
              0.00068              -0.00205               0.45946 
              0.00111              -0.00280               0.46309 
              0.00153              -0.00354               0.47051 
              0.00191              -0.00427               0.48143 
              0.00221              -0.00496               0.49533 
              0.00237              -0.00558               0.51151 
              0.00232              -0.00612               0.52912 
              0.00198              -0.00655               0.54721 
              0.00126              -0.00686               0.56478 
              0.00007              -0.00703               0.58080 
             -0.00169              -0.00705               0.59433 
             -0.00410              -0.00691               0.60450 
             -0.00726              -0.00661               0.61062 
             -0.01124              -0.00615               0.61222 
             -0.01610              -0.00555               0.60904 
             -0.02188              -0.00483               0.60107 
             -0.02861              -0.00399               0.58855 
             -0.03633              -0.00308               0.57191 
             -0.04501              -0.00212               0.55180 
             -0.05465              -0.00112               0.52901 
             -0.06523              -0.00012               0.50442 
             -0.07671               0.00086               0.47895 
             -0.08905               0.00179               0.45349 
             -0.10222               0.00267               0.42889 
             -0.11617               0.00348               0.40589 
             -0.13085               0.00422               0.38508 
             -0.14626               0.00486               0.36686 
             -0.16232               0.00540               0.35150 
             -0.17908               0.00587               0.33898 
             -0.19654               0.00624               0.32911 
             -0.21439               0.00653               0.32184 
             -0.23246               0.00673               0.31684 
             -0.25045               0.00683               0.31376 
             -0.26807               0.00685               0.31209 
             -0.28505               0.00680               0.31124 
             -0.30111               0.00668               0.31055 
             -0.31600               0.00650               0.30937 
             -0.32948               0.00628               0.30709 
             -0.34132               0.00602               0.30321 
             -0.35138               0.00574               0.29732 
             -0.35954               0.00546               0.28921 
             -0.36574               0.00518               0.27879 
             -0.37001               0.00491               0.26618 
             -0.37242               0.00468               0.25166 
             -0.37312               0.00448               0.23564 
             -0.37230               0.00434               0.21870 
             -0.37021               0.00425               0.20147 
             -0.36709               0.00422               0.18467 
             -0.36323               0.00425               0.16900 
             -0.35888               0.00436               0.15517 
             -0.35431               0.00452               0.14382 
             -0.34975               0.00475               0.13548 
             -0.34541               0.00505               0.13059 
             -0.34144               0.00540               0.12944 
             -0.33799               0.00578               0.13219 
             -0.33513               0.00619               0.13879 
             -0.33292               0.00662               0.14904 
             -0.33135               0.00706               0.16255 
             -0.33040               0.00749               0.17876 
             -0.33001               0.00790               0.19694 
             -0.33008               0.00828               0.21624 
             -0.33048               0.00862               0.23569 
             -0.33108               0.00889               0.25430 
             -0.33174               0.00906               0.27101 
             -0.33230               0.00913               0.28483 
             -0.33263               0.00906               0.29487 
             -0.33262               0.00887               0.30036 
             -0.33219               0.00853               0.30076 
             -0.33130               0.00805               0.29575 
             -0.32995               0.00745               0.28525 
             -0.32818               0.00672               0.26946 
             -0.32607               0.00589               0.24882 
             -0.32373               0.00497               0.22397 
             -0.32130               0.00399               0.19575 
             -0.31893               0.00297               0.16508 
             -0.31678               0.00187               0.13292 
             -0.31500               0.00081               0.10016 
             -0.31373              -0.00010               0.06780 
             -0.31310              -0.00096               0.03666 
             -0.31321              -0.00193               0.00758 
             -0.31413              -0.00286              -0.01863 
             -0.31591              -0.00369              -0.04128 
             -0.31855              -0.00443              -0.05999 
             -0.32204              -0.00505              -0.07453 
             -0.32633              -0.00554              -0.08486 
             -0.33134              -0.00593              -0.09112 
             -0.33697              -0.00622              -0.09361 
             -0.34308              -0.00637              -0.09276 
             -0.34949              -0.00642              -0.08913 
             -0.35601              -0.00634              -0.08339 
             -0.36241              -0.00616              -0.07628 
             -0.36847              -0.00586              -0.06860 
             -0.37392              -0.00546              -0.06115 
             -0.37856              -0.00496              -0.05473 
             -0.38215              -0.00438              -0.05004 
             -0.38450              -0.00372              -0.04773 
             -0.38549              -0.00300              -0.04829 
             -0.38501              -0.00224              -0.05205 
             -0.38304              -0.00146              -0.05918 
             -0.37960              -0.00067              -0.06966 
             -0.37478               0.00010              -0.08330 
             -0.36872               0.00085              -0.09975 
             -0.36159               0.00154              -0.11851 
             -0.35361               0.00218              -0.13898 
             -0.34500               0.00275              -0.16049 
             -0.33600               0.00324              -0.18233 
             -0.32682               0.00366              -0.20378 
             -0.31769               0.00399              -0.22418 
             -0.30878               0.00424              -0.24287 
             -0.30027               0.00441              -0.25933 
             -0.29228               0.00450              -0.27309 
             -0.28491               0.00450              -0.28381 
             -0.27823               0.00442              -0.29126 
             -0.27229               0.00427              -0.29533 
             -0.26709               0.00405              -0.29599 
             -0.26265               0.00375              -0.29335 
             -0.25895               0.00339              -0.28761 
             -0.25595               0.00295              -0.27906 
             -0.25360               0.00246              -0.26810 
             -0.25185               0.00191              -0.25518 
             -0.25063               0.00132              -0.24081 
             -0.24986               0.00068              -0.22555 
             -0.24948               0.00001              -0.20996 
             -0.24938              -0.00067              -0.19463 
             -0.24951              -0.00136              -0.18011 
             -0.24978              -0.00205              -0.16689 
             -0.25014              -0.00270              -0.15540 
             -0.25052              -0.00330              -0.14595 
             -0.25089              -0.00382              -0.13879 
             -0.25121              -0.00426              -0.13402 
             -0.25149              -0.00459              -0.13165 
             -0.25173              -0.00480              -0.13153 
             -0.25195              -0.00490              -0.13342 
             -0.25221              -0.00487              -0.13700 
             -0.25255              -0.00473              -0.14185 
             -0.25304              -0.00447              -0.14749 
             -0.25374              -0.00410              -0.15343 
             -0.25471              -0.00361              -0.15918 
             -0.25603              -0.00304              -0.16426 
             -0.25776              -0.00238              -0.16826 
             -0.25994              -0.00166              -0.17081 
             -0.26261              -0.00088              -0.17166 
             -0.26579              -0.00007              -0.17064 
             -0.26947               0.00076              -0.16768 
             -0.27365               0.00159              -0.16285 
             -0.27828               0.00242              -0.15630 
             -0.28329               0.00323              -0.14830 
             -0.28860               0.00400              -0.13924 
             -0.29411               0.00472              -0.12953 
             -0.29968               0.00538              -0.11971 
             -0.30518               0.00596              -0.11029 
             -0.31045               0.00646              -0.10185 
             -0.31535               0.00686              -0.09489 
             -0.31973               0.00715              -0.08989 
             -0.32347               0.00733              -0.08726 
             -0.32645               0.00739              -0.08727 
             -0.32860               0.00733              -0.09009 
             -0.32987               0.00716              -0.09575 
             -0.33024               0.00686              -0.10414 
             -0.32974               0.00647              -0.11501 
             -0.32842               0.00597              -0.12800 
             -0.32637               0.00539              -0.14263 
             -0.32368               0.00473              -0.15836 
             -0.32048               0.00403              -0.17458 
             -0.31688               0.00328              -0.19068 
             -0.31300               0.00251              -0.20604 
             -0.30895               0.00173              -0.22010 
             -0.30484               0.00096              -0.23232 
             -0.30074               0.00021              -0.24228 
             -0.29671              -0.00051              -0.24961 
             -0.29278              -0.00120              -0.25409 
             -0.28898              -0.00183              -0.25558 
             -0.28530              -0.00241              -0.25407 
             -0.28170              -0.00293              -0.24968 
             -0.27814              -0.00339              -0.24261 
             -0.27456              -0.00378              -0.23321 
             -0.27089              -0.00410              -0.22190 
             -0.26705              -0.00434              -0.20919 
             -0.26296              -0.00452              -0.19566 
             -0.25855              -0.00462              -0.18193 
             -0.25375              -0.00466              -0.16865 
             -0.24852              -0.00464              -0.15642 
             -0.24283              -0.00456              -0.14584 
             -0.23669              -0.00442              -0.13744 
             -0.23012              -0.00423              -0.13160 
             -0.22318              -0.00399              -0.12862 
             -0.21594              -0.00372              -0.12867 
             -0.20852              -0.00344              -0.13178 
             -0.20103              -0.00314              -0.13783 
             -0.19361              -0.00284              -0.14654 
             -0.18640              -0.00252              -0.15756 
             -0.17955              -0.00221              -0.17036 
             -0.17318              -0.00193              -0.18437 
             -0.16743              -0.00167              -0.19895 
             -0.16235              -0.00145              -0.21348 
             -0.15802              -0.00128              -0.22732 
             -0.15453              -0.00115              -0.23980 
             -0.15198              -0.00108              -0.25027 
             -0.15050              -0.00106              -0.25814 
             -0.15013              -0.00109              -0.26292 
             -0.15088              -0.00119              -0.26428 
             -0.15277              -0.00133              -0.26194 
             -0.15576              -0.00152              -0.25580 
             -0.15981              -0.00175              -0.24585 
             -0.16487              -0.00202              -0.23225 
             -0.17087              -0.00233              -0.21522 
             -0.17770              -0.00265              -0.19516 
             -0.18528              -0.00298              -0.17255 
             -0.19351              -0.00329              -0.14795 
             -0.20223              -0.00359              -0.12206 
             -0.21129              -0.00378              -0.09566 
             -0.22048              -0.00387              -0.06954 
             -0.22960              -0.00388              -0.04449 
             -0.23840              -0.00383              -0.02131 
             -0.24666              -0.00372              -0.00073 
             -0.25414              -0.00354               0.01662 
             -0.26064              -0.00332               0.03023 
             -0.26598              -0.00301               0.03983 
             -0.27004              -0.00263               0.04535 
             -0.27273              -0.00217               0.04685 
             -0.27404              -0.00164               0.04458 
             -0.27399              -0.00104               0.03899 
             -0.27264              -0.00038               0.03065 
             -0.27012               0.00030               0.02023 
             -0.26656               0.00099               0.00853 
             -0.26212               0.00167              -0.00366 
             -0.25697               0.00239              -0.01554 
             -0.25127               0.00308              -0.02630 
             -0.24517               0.00373              -0.03524 
             -0.23880               0.00433              -0.04178 
             -0.23228               0.00491              -0.04552 
             -0.22570               0.00542              -0.04608 
             -0.21913               0.00584              -0.04330 
             -0.21263               0.00615              -0.03717 
             -0.20623               0.00636              -0.02786 
             -0.19995               0.00646              -0.01562 
             -0.19380               0.00646              -0.00087 
             -0.18777               0.00634               0.01584 
             -0.18187               0.00617               0.03382 
             -0.17608               0.00592               0.05238 
             -0.17041               0.00555               0.07082 
             -0.16485               0.00508               0.08836 
             -0.15941               0.00453               0.10430 
             -0.15410               0.00390               0.11797 
             -0.14896               0.00325               0.12883 
             -0.14399               0.00258               0.13654 
             -0.13924               0.00189               0.14086 
             -0.13476               0.00121               0.14168 
             -0.13059               0.00053               0.13905 
             -0.12677              -0.00013               0.13320 
             -0.12332              -0.00077               0.12451 
             -0.12028              -0.00135               0.11351 
             -0.11767              -0.00188               0.10075 
             -0.11554              -0.00227               0.08691 
             -0.11389              -0.00253               0.07266 
             -0.11273              -0.00268               0.05870 
             -0.11207              -0.00274               0.04567 
             -0.11187              -0.00268               0.03422 
             -0.11214              -0.00254               0.02479 
             -0.11285              -0.00232               0.01778 
             -0.11397              -0.00198               0.01343 
             -0.11548              -0.00153               0.01186 
             -0.11734              -0.00098               0.01308 
             -0.11951              -0.00035               0.01694 
             -0.12195               0.00032               0.02319 
             -0.12462               0.00101               0.03145 
             -0.12746               0.00169               0.04128 
             -0.13041               0.00238               0.05215 
             -0.13342               0.00304               0.06349 
             -0.13642               0.00365               0.07466 
             -0.13935               0.00426               0.08513 
             -0.14216               0.00485               0.09435 
             -0.14479               0.00533               0.10192 
             -0.14720               0.00571               0.10750 
             -0.14935               0.00597               0.11086 
             -0.15123               0.00608               0.11189 
             -0.15283               0.00606               0.11065 
             -0.15415               0.00588               0.10734 
             -0.15522               0.00557               0.10228 
             -0.15607               0.00512               0.09589 
             -0.15673               0.00455               0.08870 
             -0.15726               0.00383               0.08130 
             -0.15770               0.00303               0.07428 
             -0.15810               0.00211               0.06826 
             -0.15852               0.00110               0.06386 
             -0.15897               0.00006               0.06156 
             -0.15948              -0.00106               0.06179 
             -0.16007              -0.00224               0.06486 
             -0.16073              -0.00345               0.07097 
             -0.16144              -0.00466               0.08012 
             -0.16217              -0.00587               0.09220 
             -0.16286              -0.00702               0.10690 
             -0.16344              -0.00807               0.12375 
             -0.16383              -0.00900               0.14221 
             -0.16392              -0.00984               0.16156 
             -0.16361              -0.01056               0.18105 
             -0.16281              -0.01114               0.19982 
             -0.16146              -0.01156               0.21701 
             -0.15943              -0.01184               0.23178 
             -0.15661              -0.01193               0.24342 
             -0.15297              -0.01182               0.25124 
             -0.14847              -0.01153               0.25476 
             -0.14311              -0.01106               0.25367 
             -0.13696              -0.01042               0.24785 
             -0.13012              -0.00963               0.23741 
             -0.12271              -0.00874               0.22262 
             -0.11488              -0.00776               0.20402 
             -0.10678              -0.00673               0.18228 
             -0.09855              -0.00566               0.15819 
             -0.09037              -0.00458               0.13263 
             -0.08239              -0.00344               0.10636 
             -0.07471              -0.00234               0.08030 
             -0.06744              -0.00124               0.05522 
             -0.06064              -0.00014               0.03198 
             -0.05432               0.00089               0.01107 
             -0.04855               0.00182              -0.00664 
             -0.04329               0.00267              -0.02085 
             -0.03861               0.00342              -0.03121 
             -0.03460               0.00409              -0.03758 
             -0.03128               0.00466              -0.04001 
             -0.02865               0.00511              -0.03871 
             -0.02676               0.00545              -0.03409 
             -0.02560               0.00566              -0.02668 
             -0.02514               0.00574              -0.01714 
             -0.02539               0.00569              -0.00615 
             -0.02631               0.00556               0.00545 
             -0.02784               0.00531               0.01685 
             -0.02991               0.00500               0.02721 
             -0.03246               0.00459               0.03576 
             -0.03541               0.00414               0.04179 
             -0.03866               0.00369               0.04468 
             -0.04212               0.00321               0.04404 
             -0.04569               0.00271               0.03958 
             -0.04927               0.00222               0.03115 
             -0.05276               0.00174               0.01887 
             -0.05609               0.00132               0.00295 
             -0.05917               0.00091              -0.01622 
             -0.06184               0.00053              -0.03819 
             -0.06404               0.00028              -0.06221 
             -0.06575               0.00013              -0.08749 
             -0.06680               0.00002              -0.11337 
             -0.06717              -0.00001              -0.13906 
             -0.06691               0.00005              -0.16361 
             -0.06607               0.00019              -0.18626 
             -0.06463               0.00040              -0.20641 
             -0.06261               0.00067              -0.22351 
             -0.06001               0.00100              -0.23718 
             -0.05684               0.00138              -0.24713 
             -0.05312               0.00180              -0.25320 
             -0.04883               0.00225              -0.25537 
             -0.04398               0.00273              -0.25374 
             -0.03857               0.00322              -0.24855 
             -0.03259               0.00371              -0.24011 
             -0.02605               0.00420              -0.22887 
             -0.01898               0.00467              -0.21535 
             -0.01139               0.00511              -0.20014 
             -0.00332               0.00551              -0.18388 
              0.00515               0.00587              -0.16725 
              0.01394               0.00613              -0.15096 
              0.02298               0.00631              -0.13561 
              0.03217               0.00641              -0.12178 
              0.04138               0.00642              -0.11000 
              0.05040               0.00633              -0.10075 
              0.05922               0.00614              -0.09422 
              0.06769               0.00585              -0.09057 
              0.07576               0.00546              -0.08977 
              0.08335               0.00498              -0.09167 
              0.09039               0.00442              -0.09600 
              0.09685               0.00379              -0.10236 
              0.10272               0.00310              -0.11028 
              0.10798               0.00238              -0.11926 
              0.11262               0.00161              -0.12880 
              0.11666               0.00083              -0.13834 
              0.12015               0.00006              -0.14734 
              0.12314              -0.00067              -0.15532 
              0.12569              -0.00136              -0.16187 
              0.12784              -0.00198              -0.16672 
              0.12963              -0.00254              -0.16966 
              0.13109              -0.00301              -0.17065 
              0.13225              -0.00340              -0.16967 
              0.13315              -0.00369              -0.16690 
              0.13380              -0.00388              -0.16256 
              0.13421              -0.00398              -0.15699 
              0.13440              -0.00398              -0.15061 
              0.13435              -0.00390              -0.14390 
              0.13407              -0.00374              -0.13735 
              0.13353              -0.00352              -0.13151 
              0.13277              -0.00324              -0.12682 
              0.13178              -0.00291              -0.12375 
              0.13059              -0.00253              -0.12265 
              0.12920              -0.00213              -0.12378 
              0.12763              -0.00174              -0.12735 
              0.12591              -0.00134              -0.13337 
              0.12408              -0.00098              -0.14175 
              0.12214              -0.00065              -0.15235 
              0.12016              -0.00037              -0.16484 
              0.11819              -0.00014              -0.17879 
              0.11627               0.00002              -0.19378 
              0.11442               0.00010              -0.20931 
              0.11273               0.00011              -0.22477 
              0.11124               0.00003              -0.23966 
              0.10999              -0.00012              -0.25346 
              0.10900              -0.00036              -0.26571 
              0.10827              -0.00068              -0.27606 
              0.10789              -0.00107              -0.28411 
              0.10785              -0.00153              -0.28966 
              0.10817              -0.00205              -0.29257 
              0.10885              -0.00262              -0.29280 
              0.10989              -0.00324              -0.29043 
              0.11127              -0.00388              -0.28564 
              0.11295              -0.00454              -0.27871 
              0.11490              -0.00520              -0.26999 
              0.11707              -0.00585              -0.25992 
              0.11941              -0.00646              -0.24900 
              0.12184              -0.00701              -0.23778 
              0.12430              -0.00750              -0.22681 
              0.12672              -0.00790              -0.21664 
              0.12904              -0.00819              -0.20779 
              0.13123              -0.00836              -0.20065 
              0.13327              -0.00841              -0.19559 
              0.13517              -0.00833              -0.19283 
              0.13692              -0.00811              -0.19250 
              0.13851              -0.00775              -0.19462 
              0.13995              -0.00727              -0.19908 
              0.14129              -0.00666              -0.20564 
              0.14255              -0.00595              -0.21396 
              0.14378              -0.00513              -0.22359 
              0.14501              -0.00424              -0.23403 
              0.14631              -0.00327              -0.24470 
              0.14774              -0.00225              -0.25496 
              0.14937              -0.00119              -0.26421 
              0.15125              -0.00010              -0.27186 
              0.15343               0.00102              -0.27734 
              0.15595               0.00213              -0.28019 
              0.15885               0.00325              -0.27994 
              0.16216               0.00436              -0.27627 
              0.16584               0.00545              -0.26902 
              0.16987               0.00651              -0.25810 
              0.17426               0.00753              -0.24350 
              0.17891               0.00849              -0.22542 
              0.18374               0.00937              -0.20417 
              0.18868               0.01015              -0.18018 
              0.19358               0.01083              -0.15401 
              0.19840               0.01137              -0.12626 
              0.20301               0.01169              -0.09780 
              0.20727               0.01185              -0.06935 
              0.21101               0.01175              -0.04182 
              0.21408               0.01145              -0.01606 
              0.21633               0.01104               0.00714 
              0.21763               0.01051               0.02703 
              0.21787               0.00986               0.04309 
              0.21700               0.00907               0.05493 
              0.21499               0.00816               0.06231 
              0.21188               0.00715               0.06522 
              0.20775               0.00607               0.06379 
              0.20270               0.00496               0.05841 
              0.19691               0.00386               0.04960 
              0.19054               0.00279               0.03801 
              0.18380               0.00177               0.02441 
              0.17689               0.00083               0.00957 
              0.17001              -0.00003              -0.00562 
              0.16334              -0.00079              -0.02042 
              0.15707              -0.00143              -0.03402 
              0.15135              -0.00196              -0.04569 
              0.14631              -0.00238              -0.05486 
              0.14208              -0.00268              -0.06108 
              0.13876              -0.00287              -0.06410 
              0.13643              -0.00294              -0.06377 
              0.13517              -0.00291              -0.06012 
              0.13502              -0.00275              -0.05334 
              0.13605              -0.00246              -0.04371 
              0.13827              -0.00203              -0.03170 
              0.14170              -0.00149              -0.01782 
              0.14631              -0.00091              -0.00276 
              0.15206              -0.00023               0.01273 
              0.15888               0.00049               0.02797 
              0.16669               0.00124               0.04220 
              0.17537               0.00201               0.05471 
              0.18476               0.00279               0.06481 
              0.19471               0.00351               0.07190 
              0.20504               0.00414               0.07559 
              0.21556               0.00471               0.07566 
              0.22611               0.00522               0.07195 
              0.23650               0.00564               0.06455 
              0.24660               0.00594               0.05368 
              0.25629               0.00608               0.03969 
              0.26549               0.00609               0.02313 
              0.27414               0.00594               0.00463 
              0.28224               0.00565              -0.01523 
              0.28979               0.00527              -0.03565 
              0.29684               0.00476              -0.05600 
              0.30343               0.00416              -0.07544 
              0.30963               0.00346              -0.09328 
              0.31552               0.00268              -0.10896 
              0.32115               0.00184              -0.12205 
              0.32661               0.00094              -0.13222 
              0.33192               0.00001              -0.13926 
              0.33714              -0.00097              -0.14312 
