              0.00689              -0.01616              -0.04856 
              0.00458              -0.01520              -0.06510 
              0.00191              -0.01422              -0.11682 
             -0.00095              -0.01334              -0.19028 
             -0.00382              -0.01268              -0.26838 
             -0.00657              -0.01232              -0.33332 
             -0.00910              -0.01231              -0.36949 
             -0.01134              -0.01264              -0.36566 
             -0.01324              -0.01327              -0.31654 
             -0.01476              -0.01410              -0.22359 
             -0.01585              -0.01499              -0.09498 
             -0.01647              -0.01577               0.05513 
             -0.01661              -0.01622               0.20840 
             -0.01626              -0.01615               0.34506 
             -0.01546              -0.01538               0.44727 
             -0.01432              -0.01379               0.50260 
             -0.01296              -0.01139               0.50652 
             -0.01154              -0.00824               0.46323 
             -0.01020              -0.00452               0.38457 
             -0.00907              -0.00042               0.28724 
             -0.00821               0.00383               0.18922 
             -0.00761               0.00802               0.10633 
             -0.00725               0.01198               0.04959 
             -0.00703               0.01551               0.02374 
             -0.00684               0.01844               0.02700 
             -0.00655               0.02060               0.05191 
             -0.00602               0.02181               0.08704 
             -0.00515               0.02195               0.11938 
             -0.00385               0.02095               0.13696 
             -0.00210               0.01886               0.13140 
              0.00007               0.01578               0.09963 
              0.00258               0.01193               0.04472 
              0.00533               0.00758              -0.02472 
              0.00819               0.00300              -0.09604 
              0.01103              -0.00154              -0.15477 
              0.01375              -0.00582              -0.18703 
              0.01624              -0.00968              -0.18170 
              0.01842              -0.01299              -0.13220 
              0.02017              -0.01563              -0.03777 
              0.02140              -0.01752               0.09586 
              0.02199              -0.01858               0.25652 
              0.02184              -0.01878               0.42670 
              0.02089              -0.01813               0.58574 
              0.01915              -0.01671               0.71316 
              0.01673              -0.01472               0.79259 
              0.01381              -0.01240               0.81531 
              0.01066              -0.01004               0.78236 
              0.00754              -0.00795               0.70456 
              0.00471              -0.00636               0.60027 
              0.00235              -0.00541               0.49173 
              0.00055              -0.00517               0.40080 
             -0.00068              -0.00562               0.34511 
             -0.00140              -0.00664               0.33529 
             -0.00170              -0.00811               0.37357 
             -0.00167              -0.00985               0.45351 
             -0.00147              -0.01166               0.56051 
             -0.00124              -0.01327               0.67373 
             -0.00114              -0.01443               0.76959 
             -0.00131              -0.01490               0.82602 
             -0.00185              -0.01454               0.82694 
             -0.00277              -0.01331               0.76569 
             -0.00406              -0.01127               0.64649 
             -0.00562              -0.00861               0.48334 
             -0.00734              -0.00553               0.29696 
             -0.00909              -0.00227               0.11064 
             -0.01072               0.00100              -0.05368 
             -0.01212               0.00412              -0.17854 
             -0.01318               0.00700              -0.25267 
             -0.01377               0.00959              -0.27177 
             -0.01378               0.01184              -0.23832 
             -0.01308               0.01370              -0.16100 
             -0.01158               0.01515              -0.05344 
             -0.00920               0.01616               0.06750 
             -0.00598               0.01672               0.18404 
             -0.00199               0.01686               0.28021 
              0.00257               0.01667               0.34460 
              0.00745               0.01627               0.37234 
              0.01235               0.01581               0.36595 
              0.01700               0.01545               0.33459 
              0.02118               0.01533               0.29190 
              0.02475               0.01552               0.25302 
              0.02763               0.01606               0.23142 
              0.02977               0.01689               0.23618 
              0.03117               0.01790               0.27020 
              0.03182               0.01891               0.32942 
              0.03172               0.01970               0.40343 
              0.03088               0.02002               0.47720 
              0.02937               0.01962               0.53389 
              0.02727               0.01835               0.55833 
              0.02475               0.01612               0.54036 
              0.02202               0.01300               0.47713 
              0.01930               0.00915               0.37388 
              0.01677               0.00482               0.24275 
              0.01461               0.00030               0.10028 
              0.01286              -0.00412              -0.03592 
              0.01156              -0.00819              -0.15020 
              0.01062              -0.01171              -0.23138 
              0.00995              -0.01448              -0.27412 
              0.00940              -0.01637              -0.27945 
              0.00881              -0.01724              -0.25437 
              0.00802              -0.01701              -0.21067 
              0.00684              -0.01564              -0.16309 
              0.00510              -0.01317              -0.12685 
              0.00256              -0.00975              -0.11500 
             -0.00106              -0.00562              -0.13589 
             -0.00613              -0.00111              -0.19154 
             -0.01309               0.00344              -0.27710 
             -0.02248               0.00770              -0.38167 
             -0.03494               0.01139              -0.49023 
             -0.05126               0.01433              -0.58603 
             -0.07234               0.01640              -0.65312 
             -0.09919               0.01755              -0.67849 
             -0.13286               0.01779              -0.65377 
             -0.17427               0.01711              -0.57650 
             -0.22388               0.01556              -0.45092 
             -0.28139               0.01321              -0.28823 
             -0.34542               0.01018              -0.10598 
             -0.41329               0.00669               0.07366 
             -0.48103               0.00303               0.22687 
             -0.54355              -0.00044               0.33187 
             -0.59543              -0.00334               0.37307 
             -0.63416              -0.00536               0.34669 
             -0.65895              -0.00626               0.25982 
             -0.66903              -0.00599               0.12711 
             -0.66451              -0.00459              -0.03142 
             -0.64866              -0.00223              -0.19163 
             -0.62453               0.00089              -0.33207 
             -0.59492               0.00453              -0.43643 
             -0.56165               0.00847              -0.49556 
             -0.52570               0.01247              -0.50779 
             -0.48747               0.01632              -0.47839 
             -0.44705               0.01974              -0.41844 
             -0.40449               0.02249              -0.34318 
             -0.36032               0.02431              -0.26948 
             -0.31575               0.02499              -0.21303 
             -0.27265               0.02444              -0.18575 
             -0.23341               0.02266              -0.19370 
             -0.20050               0.01979              -0.23615 
             -0.17614               0.01609              -0.30584 
             -0.16196               0.01186              -0.39061 
             -0.15889               0.00743              -0.47572 
             -0.16718               0.00307              -0.54644 
             -0.18651              -0.00097              -0.59038 
             -0.21610              -0.00452              -0.59925 
             -0.25474              -0.00745              -0.56994 
             -0.30074              -0.00966              -0.50488 
             -0.35182              -0.01110              -0.41181 
             -0.40504              -0.01173              -0.30274 
             -0.45688              -0.01157              -0.19225 
             -0.50352              -0.01069              -0.09507 
             -0.54131              -0.00922              -0.02344 
             -0.56736              -0.00735               0.01544 
             -0.58005              -0.00528               0.02098 
             -0.57927              -0.00326              -0.00053 
             -0.56634              -0.00148              -0.03720 
             -0.54355              -0.00010              -0.07394 
             -0.51370               0.00080              -0.09558 
             -0.47956               0.00119              -0.08986 
             -0.44357               0.00110              -0.04995 
             -0.40773               0.00063               0.02401 
             -0.37374              -0.00009               0.12443 
             -0.34309              -0.00089               0.23700 
             -0.31722              -0.00160               0.34284 
             -0.29756              -0.00202               0.42189 
             -0.28549              -0.00200               0.45694 
             -0.28215              -0.00148               0.43755 
             -0.28832              -0.00044               0.36256 
             -0.30432               0.00105               0.24063 
             -0.33013               0.00283               0.08858 
             -0.36552               0.00474              -0.07189 
             -0.41029               0.00662              -0.21804 
             -0.46433               0.00831              -0.32959 
             -0.52764               0.00967              -0.39133 
             -0.60010               0.01058              -0.39479 
             -0.68107               0.01090              -0.33910 
             -0.76878               0.01055              -0.23143 
             -0.85762               0.00942              -0.08889 
             -0.94280               0.00749               0.06777 
             -1.02224               0.00478               0.21831 
             -1.09131               0.00144               0.34036 
             -1.14511              -0.00228               0.41462 
             -1.18031              -0.00605               0.42954 
             -1.19617              -0.00955               0.38393 
             -1.19478              -0.01245               0.28719 
             -1.18068              -0.01450               0.15749 
             -1.15963              -0.01555               0.01775 
             -1.13735              -0.01560              -0.10897 
             -1.11848              -0.01467              -0.20329 
             -1.10607              -0.01284              -0.25204 
             -1.10140              -0.01024              -0.24952 
             -1.10405              -0.00698              -0.19774 
             -1.11212              -0.00322              -0.10578 
             -1.12256               0.00080               0.01152 
             -1.13176               0.00484               0.13579 
             -1.13614               0.00854               0.24788 
             -1.13303               0.01156               0.33120 
             -1.12134               0.01355               0.37467 
             -1.10197               0.01430               0.37482 
             -1.07776               0.01369               0.33620 
             -1.05292               0.01177               0.27006 
             -1.03234               0.00873               0.19184 
             -1.02074               0.00481               0.11785 
             -1.02205               0.00032               0.06229 
             -1.03904              -0.00442               0.03501 
             -1.07310              -0.00911               0.04018 
             -1.12405              -0.01344               0.07589 
             -1.19004              -0.01711               0.13466 
             -1.26753              -0.01984               0.20467 
             -1.35143              -0.02139               0.27183 
             -1.43566              -0.02158               0.32236 
             -1.51402              -0.02035               0.34564 
             -1.58131              -0.01782               0.33657 
             -1.63418              -0.01416               0.29697 
             -1.67180              -0.00968               0.23575 
             -1.69552              -0.00471               0.16702 
             -1.70807               0.00043               0.10750 
             -1.71252               0.00540               0.07327 
             -1.71120               0.00993               0.07673 
             -1.70483               0.01380               0.12424 
             -1.69208               0.01681               0.21460 
             -1.66965               0.01876               0.33862 
             -1.63289               0.01952               0.48010 
             -1.57710               0.01897               0.61820 
             -1.49907               0.01709               0.73116 
             -1.39870               0.01400               0.80077 
             -1.27984               0.00993               0.81628 
             -1.15000               0.00533               0.77677 
             -1.01905               0.00058               0.69123 
             -0.89730              -0.00390               0.57658 
             -0.79387              -0.00780               0.45424 
             -0.71509              -0.01089               0.34566 
             -0.66543              -0.01309               0.27015 
             -0.64821              -0.01435               0.24276 
             -0.66468              -0.01473               0.27116 
             -0.71371              -0.01428               0.35409 
             -0.79174              -0.01312               0.48132 
             -0.89432              -0.01137               0.63610 
             -1.01484              -0.00917               0.79601 
             -1.14340              -0.00673               0.93488 
             -1.26806              -0.00428               1.02751 
             -1.37674              -0.00210               1.05490 
             -1.45978              -0.00040               1.00897 
             -1.51211               0.00073               0.89488 
             -1.53377               0.00121               0.73008 
             -1.52923               0.00107               0.54050 
             -1.50553               0.00046               0.35496 
             -1.47021              -0.00049               0.19983 
             -1.42949              -0.00160               0.09481 
             -1.38737              -0.00271               0.05072 
             -1.34536              -0.00363               0.06868 
             -1.30276              -0.00420               0.14061 
             -1.25725              -0.00429               0.25048 
             -1.20580              -0.00382               0.37665 
             -1.14567              -0.00277               0.49498 
             -1.07539              -0.00120               0.58283 
             -0.99560               0.00078               0.62335 
             -0.90910               0.00297               0.60832 
             -0.82039               0.00516               0.53944 
             -0.73454               0.00715               0.42728 
             -0.65612               0.00875               0.28847 
             -0.58607               0.00982               0.13961 
             -0.52996               0.01030               0.00248 
             -0.49151               0.01015              -0.10574 
             -0.47150               0.00936              -0.17565 
             -0.46966               0.00799              -0.20478 
             -0.48493               0.00612              -0.19725 
             -0.51554               0.00389              -0.16266 
             -0.55902               0.00148              -0.11442 
             -0.61225              -0.00086              -0.06736 
             -0.67152              -0.00286              -0.03522 
             -0.73290              -0.00430              -0.02810 
             -0.79290              -0.00498              -0.05037 
             -0.84980              -0.00481              -0.09897 
             -0.90239              -0.00381              -0.16557 
             -0.95020              -0.00205              -0.23802 
             -0.99357               0.00037              -0.30247 
             -1.03305               0.00329              -0.34619 
             -1.06875               0.00652              -0.35996 
             -1.09994               0.00989              -0.33984 
             -1.12457               0.01318              -0.28827 
             -1.13921               0.01616              -0.21416 
             -1.13956               0.01856              -0.13141 
             -1.12127               0.02009              -0.05661 
             -1.08057               0.02048              -0.00637 
             -1.01561               0.01955               0.00622 
             -0.92703               0.01725              -0.02567 
             -0.81605               0.01370              -0.10321 
             -0.68608               0.00915              -0.21962 
             -0.54603               0.00395              -0.35742 
             -0.40471              -0.00151              -0.49603 
             -0.26832              -0.00687              -0.61651 
             -0.14144              -0.01186              -0.70299 
             -0.02715              -0.01624              -0.74459 
              0.07248              -0.01985              -0.73656 
              0.15576              -0.02253              -0.68075 
              0.22093              -0.02411              -0.58553 
              0.26593              -0.02446              -0.46503 
              0.28867              -0.02345              -0.33758 
              0.28759              -0.02104              -0.22321 
              0.26237              -0.01730              -0.14054 
              0.21460              -0.01247              -0.10337 
              0.14798              -0.00691              -0.11807 
              0.06799              -0.00111              -0.18230 
             -0.01901               0.00447              -0.28560 
             -0.10677               0.00939              -0.41153 
             -0.18998               0.01336              -0.54068 
             -0.26470               0.01621              -0.65390 
             -0.32831               0.01789              -0.73498 
             -0.37914               0.01842              -0.77251 
             -0.41591               0.01789              -0.76106 
             -0.43732               0.01640              -0.70155 
             -0.44183               0.01408              -0.60118 
             -0.42779               0.01108              -0.47270 
             -0.39384               0.00762              -0.33302 
             -0.33956               0.00393              -0.20102 
             -0.26609               0.00032              -0.09482 
             -0.17644              -0.00290              -0.02880 
             -0.07542              -0.00545              -0.01108 
              0.03107              -0.00713              -0.04224 
              0.13692              -0.00784              -0.11544 
              0.23685              -0.00758              -0.21809 
              0.32698              -0.00644              -0.33444 
              0.40505              -0.00460              -0.44850 
              0.47009              -0.00224              -0.54657 
              0.52195               0.00042              -0.61908 
              0.56072               0.00318              -0.66145 
              0.58629               0.00584              -0.67417 
              0.59825               0.00821              -0.66213 
              0.59585               0.01011              -0.63337 
              0.57837               0.01142              -0.59757 
              0.54542               0.01205              -0.56414 
              0.49735               0.01199              -0.54057 
              0.43539               0.01128              -0.53104 
              0.36166               0.01006              -0.53574 
              0.27883               0.00847              -0.55091 
              0.18982               0.00669              -0.56974 
              0.09734               0.00490              -0.58373 
              0.00368               0.00324              -0.58441 
             -0.08938               0.00182              -0.56506 
             -0.18037               0.00072              -0.52224 
             -0.26788              -0.00001              -0.45678 
             -0.35022              -0.00036              -0.37423 
             -0.42521              -0.00035              -0.28454 
             -0.49013              -0.00006              -0.20078 
             -0.54189               0.00042              -0.13715 
             -0.57786               0.00094              -0.10595 
             -0.59614               0.00134              -0.11525 
             -0.59590               0.00149              -0.16703 
             -0.57815               0.00125              -0.25581 
             -0.54519               0.00057              -0.36979 
             -0.50020              -0.00058              -0.49272 
             -0.44661              -0.00215              -0.60655 
             -0.38757              -0.00409              -0.69413 
             -0.32562              -0.00628              -0.74154 
             -0.26264              -0.00859              -0.73977 
             -0.20005              -0.01088              -0.68581 
             -0.13913              -0.01294              -0.58332 
             -0.08142              -0.01455              -0.44267 
             -0.02900              -0.01546              -0.28035 
              0.01540              -0.01542              -0.11733 
              0.04856              -0.01424               0.02368 
              0.06725              -0.01184               0.12192 
              0.06885              -0.00825               0.16254 
              0.05196              -0.00370               0.13968 
              0.01665               0.00151               0.05788 
             -0.03563               0.00699              -0.06890 
             -0.10253               0.01236              -0.22012 
             -0.18145               0.01732              -0.37252 
             -0.26996               0.02161              -0.50397 
             -0.36605               0.02508              -0.59645 
             -0.46799               0.02762              -0.63794 
             -0.57395               0.02912              -0.62317 
             -0.68152               0.02951              -0.55379 
             -0.78678               0.02870              -0.43833 
             -0.88446               0.02665              -0.29089 
             -0.96596               0.02338              -0.13159 
             -1.02584               0.01899               0.02181 
             -1.06055               0.01372               0.15462 
             -1.06585               0.00795               0.25420 
             -1.03957               0.00213               0.31417 
             -0.98254              -0.00324               0.33587 
             -0.89828              -0.00766               0.32770 
             -0.79226              -0.01073               0.30289 
             -0.66986              -0.01222               0.27541 
             -0.53426              -0.01201               0.25565 
             -0.39274              -0.01015               0.25486 
             -0.25232              -0.00681               0.27914 
             -0.11762              -0.00225               0.32666 
              0.00723               0.00318               0.38991 
              0.11825               0.00904               0.45749 
              0.21177               0.01487               0.51657 
              0.28457               0.02020               0.55591 
              0.33435               0.02464               0.56851 
              0.36026               0.02784               0.55352 
              0.36316               0.02963               0.51674 
              0.34534               0.02993               0.46951 
              0.30976               0.02881               0.42607 
              0.26000               0.02642               0.40125 
              0.19938               0.02297               0.40723 
              0.13075               0.01874               0.45098 
              0.05677               0.01401               0.53302 
             -0.02006               0.00915               0.64650 
             -0.09709               0.00451               0.77760 
             -0.17127               0.00042               0.90722 
             -0.23832              -0.00266               1.01351 
             -0.29385              -0.00464               1.07642 
             -0.33661              -0.00523               1.08515 
             -0.36504              -0.00422               1.03699 
             -0.37759              -0.00194               0.93795 
             -0.37392               0.00142               0.80333 
             -0.35450               0.00544               0.65419 
             -0.32092               0.00966               0.51428 
             -0.27501               0.01390               0.40595 
             -0.21778               0.01788               0.34594 
             -0.14995               0.02143               0.34392 
             -0.07164               0.02438               0.40064 
              0.01721               0.02661               0.50772 
              0.11595               0.02801               0.64844 
              0.22236               0.02855               0.79951 
              0.33039               0.02824               0.93244 
              0.43293               0.02699               1.02044 
              0.52666               0.02531               1.04810 
              0.60620               0.02348               1.00734 
              0.66626               0.02179               0.90048 
              0.70357               0.02033               0.74048 
              0.71759               0.01933               0.54887 
              0.70938               0.01898               0.35059 
              0.67991               0.01936               0.16850 
              0.63171               0.02042               0.02272 
              0.56717               0.02202              -0.07285 
              0.48823               0.02400              -0.11150 
              0.39587               0.02610              -0.09450 
              0.29054               0.02804              -0.03056 
              0.17328               0.02949               0.06578 
              0.04661               0.03012               0.17612 
             -0.08502               0.02967               0.28056 
             -0.21534               0.02797               0.36062 
             -0.33663               0.02499               0.40192 
             -0.44165               0.02090               0.39744 
             -0.52381               0.01601               0.34754 
             -0.58032               0.01072               0.26190 
             -0.60982               0.00549               0.15465 
             -0.61244               0.00072               0.04187 
             -0.59010              -0.00326              -0.06076 
             -0.54552              -0.00618              -0.14078 
             -0.48208              -0.00788              -0.19041 
             -0.40268              -0.00826              -0.20821 
             -0.31025              -0.00731              -0.19844 
             -0.20810              -0.00508              -0.17002 
             -0.10020              -0.00175              -0.13468 
              0.00861               0.00244              -0.10480 
              0.11290               0.00713              -0.09110 
              0.20706               0.01192              -0.10050 
              0.28605               0.01639              -0.13484 
              0.34598               0.02017              -0.19045 
              0.38452               0.02296              -0.25906 
              0.40089               0.02456              -0.32944 
              0.39558               0.02489              -0.38971 
              0.36992               0.02393              -0.42968 
              0.32569               0.02176              -0.44273 
              0.26489               0.01850              -0.42724 
              0.18983               0.01437              -0.38710 
              0.10327               0.00963              -0.33140 
              0.00875               0.00463              -0.27322 
             -0.08937              -0.00023              -0.22754 
             -0.18602              -0.00454              -0.20844 
             -0.27591              -0.00792              -0.22627 
             -0.35431              -0.01009              -0.28529 
             -0.41774              -0.01090              -0.38242 
             -0.46445              -0.01032              -0.50757 
             -0.49446              -0.00846              -0.64530 
             -0.50922              -0.00550              -0.77741 
             -0.51095              -0.00164              -0.88565 
             -0.50194               0.00290              -0.95432 
             -0.48402               0.00792              -0.97206 
             -0.45816               0.01321              -0.93327 
             -0.42443               0.01854              -0.83894 
             -0.38205               0.02363              -0.69714 
             -0.32985               0.02815              -0.52280 
             -0.26678               0.03170              -0.33669 
             -0.19259               0.03388              -0.16306 
             -0.10836               0.03439              -0.02609 
             -0.01680               0.03304               0.05439 
              0.07804               0.02989               0.06693 
              0.17146               0.02523               0.01082 
              0.25905               0.01955              -0.10374 
              0.33749               0.01340              -0.25802 
              0.40498               0.00734              -0.42862 
              0.46109               0.00182              -0.59178 
              0.50631              -0.00282              -0.72708 
              0.54140              -0.00638              -0.81994 
              0.56676              -0.00876              -0.86274 
              0.58206              -0.00993              -0.85505 
              0.58607              -0.00991              -0.80305 
              0.57685              -0.00880              -0.71850 
              0.55214              -0.00674              -0.61694 
              0.51015              -0.00395              -0.51552 
              0.45025              -0.00073              -0.43037 
              0.37364               0.00260              -0.37397 
              0.28351               0.00569              -0.35319 
              0.18479               0.00827              -0.36834 
              0.08344               0.01012              -0.41357 
             -0.01442               0.01115              -0.47844 
             -0.10327               0.01135              -0.55021 
             -0.17868               0.01081              -0.61624 
             -0.23737               0.00967              -0.66608 
             -0.27704               0.00811              -0.69300 
             -0.29615               0.00633              -0.69466 
             -0.29371               0.00453              -0.67322 
             -0.26927               0.00294              -0.63467 
             -0.22315               0.00175              -0.58765 
             -0.15663               0.00116              -0.54175 
             -0.07229               0.00131              -0.50577 
              0.02603               0.00227              -0.48595 
              0.13343               0.00405              -0.48476 
              0.24446               0.00657              -0.50035 
              0.35380               0.00969              -0.52684 
              0.45677               0.01323              -0.55534 
              0.54973               0.01696              -0.57551 
              0.63005               0.02068              -0.57727 
              0.69578               0.02416              -0.55279 
              0.74544               0.02721              -0.49779 
              0.77753               0.02965              -0.41283 
              0.79013               0.03132              -0.30412 
              0.78095               0.03208              -0.18328 
              0.74829               0.03187              -0.06554 
              0.69147               0.03071               0.03214 
              0.61194               0.02870               0.09466 
              0.51255               0.02607               0.11072 
              0.39902               0.02317               0.07676 
              0.27870               0.02037              -0.00248 
              0.15905               0.01809              -0.11501 
              0.04662               0.01671              -0.24353 
             -0.05381               0.01652              -0.36834 
             -0.13941               0.01774              -0.47020 
             -0.20901               0.02050              -0.53282 
             -0.26252               0.02481              -0.54472 
             -0.30018               0.03062              -0.50045 
             -0.32204               0.03777              -0.40137 
             -0.32764               0.04593              -0.25589 
             -0.31612               0.05462              -0.07915 
             -0.28654               0.06317               0.10831 
             -0.23867               0.07081               0.28317 
             -0.17349               0.07670               0.42274 
             -0.09350               0.08019               0.50903 
             -0.00286               0.08088               0.53262 
              0.09343               0.07879               0.49453 
              0.19045               0.07430               0.40613 
              0.28433               0.06812               0.28674 
              0.37278               0.06105               0.15987 
              0.45513               0.05392               0.04906 
              0.53178               0.04743              -0.02591 
              0.60353               0.04217              -0.05155 
              0.67109               0.03858              -0.02199 
              0.73351               0.03698               0.05967 
              0.78778               0.03759               0.18178 
              0.83199               0.04053               0.32865 
              0.86296               0.04570               0.48008 
              0.87775               0.05283               0.61526 
              0.87337               0.06144               0.71528 
              0.84837               0.07088               0.76749 
              0.80354               0.08045               0.76816 
              0.74200               0.08949               0.72308 
              0.66855               0.09751               0.64598 
              0.58812               0.10424               0.55455 
              0.50507               0.10958               0.46664 
              0.42511               0.11360               0.39922 
              0.35360               0.11643               0.36400 
              0.29550               0.11820               0.36597 
              0.25460               0.11902               0.40212 
              0.23395               0.11895               0.46280 
              0.23599               0.11799               0.53385 
              0.26230               0.11617               0.59936 
              0.31302               0.11354               0.64452 
              0.38654               0.11022               0.65847 
              0.47965               0.10642               0.63652 
              0.58902               0.10243               0.58203 
              0.71003               0.09854               0.50380 
              0.83942               0.09512               0.41626 
              0.97347               0.09255               0.33416 
              1.10937               0.09092               0.27110 
              1.24462               0.09021               0.23678 
              1.37613               0.09021               0.23449 
              1.49969               0.09054               0.26062 
              1.60968               0.09075               0.30500 
              1.69942               0.09046               0.35268 
              1.76231               0.08920               0.38695 
              1.79289               0.08663               0.39276 
              1.78814               0.08261               0.36022 
              1.74862               0.07718               0.28716 
              1.67855               0.07069               0.17982 
              1.58498               0.06351               0.05150 
              1.47674               0.05606              -0.07968 
              1.36307               0.04880              -0.19437 
              1.25171               0.04216              -0.27546 
              1.14843               0.03652              -0.31045 
              1.05688               0.03204              -0.29291 
              0.97926               0.02883              -0.22296 
              0.91646               0.02688              -0.10769 
              0.86841               0.02608               0.03921 
