              0.00352              -0.00811              -0.28790 
              0.00256              -0.00770              -0.27751 
              0.00148              -0.00728              -0.27579 
              0.00034              -0.00687              -0.28167 
             -0.00085              -0.00651              -0.29331 
             -0.00204              -0.00621              -0.30833 
             -0.00321              -0.00601              -0.32400 
             -0.00432              -0.00590              -0.33750 
             -0.00537              -0.00591              -0.34616 
             -0.00633              -0.00604              -0.34764 
             -0.00718              -0.00628              -0.34016 
             -0.00793              -0.00662              -0.32263 
             -0.00856              -0.00705              -0.29472 
             -0.00906              -0.00754              -0.25694 
             -0.00942              -0.00806              -0.21063 
             -0.00965              -0.00857              -0.15789 
             -0.00974              -0.00902              -0.10149 
             -0.00968              -0.00938              -0.04465 
             -0.00948              -0.00958               0.00924 
             -0.00915              -0.00960               0.05684 
             -0.00870              -0.00938               0.09528 
             -0.00816              -0.00891               0.12238 
             -0.00756              -0.00818               0.13693 
             -0.00691              -0.00719               0.13881 
             -0.00627              -0.00595               0.12901 
             -0.00565              -0.00452               0.10949 
             -0.00508              -0.00292               0.08295 
             -0.00457              -0.00121               0.05254 
             -0.00414               0.00055               0.02155 
             -0.00379               0.00233              -0.00696 
             -0.00351               0.00408              -0.03042 
             -0.00327               0.00574              -0.04693 
             -0.00307               0.00727              -0.05541 
             -0.00289               0.00865              -0.05565 
             -0.00269               0.00981              -0.04829 
             -0.00244               0.01073              -0.03472 
             -0.00213               0.01136              -0.01691 
             -0.00172               0.01169               0.00278 
             -0.00121               0.01167               0.02185 
             -0.00056               0.01131               0.03793 
              0.00021               0.01060               0.04901 
              0.00110               0.00956               0.05370 
              0.00211               0.00823               0.05138 
              0.00321               0.00664               0.04226 
              0.00437               0.00487               0.02741 
              0.00556               0.00296               0.00865 
              0.00676               0.00100              -0.01161 
              0.00793              -0.00095              -0.03057 
              0.00905              -0.00284              -0.04531 
              0.01009              -0.00462              -0.05300 
              0.01103              -0.00625              -0.05114 
              0.01184              -0.00768              -0.03776 
              0.01251              -0.00890              -0.01158 
              0.01302              -0.00986               0.02785 
              0.01334              -0.01056               0.08002 
              0.01346              -0.01097               0.14345 
              0.01330              -0.01108               0.21564 
              0.01295              -0.01088               0.29322 
              0.01238              -0.01006               0.37121 
              0.01134              -0.00896               0.44451 
              0.01000              -0.00782               0.50884 
              0.00854              -0.00676               0.56162 
              0.00707              -0.00567               0.60095 
              0.00570              -0.00457               0.62532 
              0.00436              -0.00351               0.63438 
              0.00308              -0.00257               0.62904 
              0.00190              -0.00179               0.61139 
              0.00087              -0.00122               0.58447 
              0.00000              -0.00088               0.55185 
             -0.00068              -0.00078               0.51753 
             -0.00114              -0.00100               0.48555 
             -0.00138              -0.00143               0.45947 
             -0.00139              -0.00207               0.44247 
             -0.00129              -0.00289               0.43667 
             -0.00109              -0.00381               0.44294 
             -0.00079              -0.00479               0.46089 
             -0.00038              -0.00579               0.48882 
              0.00018              -0.00675               0.52420 
              0.00077              -0.00771               0.56362 
              0.00127              -0.00850               0.60316 
              0.00174              -0.00907               0.63893 
              0.00211              -0.00938               0.66696 
              0.00237              -0.00939               0.68373 
              0.00247              -0.00909               0.68655 
              0.00240              -0.00847               0.67394 
              0.00220              -0.00755               0.64577 
              0.00189              -0.00632               0.60328 
              0.00142              -0.00491               0.54894 
              0.00078              -0.00342               0.48569 
              0.00024              -0.00191               0.41688 
             -0.00042              -0.00032               0.34663 
             -0.00111               0.00137               0.27949 
             -0.00173               0.00295               0.22073 
             -0.00218               0.00448               0.17380 
             -0.00250               0.00588               0.14102 
             -0.00266               0.00712               0.12349 
             -0.00265               0.00818               0.12117 
             -0.00244               0.00905               0.13300 
             -0.00204               0.00973               0.15697 
             -0.00142               0.01023               0.19026 
             -0.00065               0.01053               0.22939 
              0.00028               0.01062               0.27053 
              0.00140               0.01055               0.30993 
              0.00267               0.01040               0.34413 
              0.00389               0.01028               0.37019 
              0.00487               0.01013               0.38637 
              0.00543               0.00993               0.39196 
              0.00536               0.00967               0.38728 
              0.00443               0.00944               0.37367 
              0.00231               0.00931               0.35326 
             -0.00126               0.00924               0.32880 
             -0.00670               0.00917               0.30345 
             -0.01438               0.00922               0.28038 
             -0.02464               0.00946               0.26244 
             -0.03779               0.00978               0.25181 
             -0.05406               0.01016               0.24979 
             -0.07357               0.01055               0.25650 
             -0.09639               0.01091               0.27117 
             -0.12229               0.01122               0.29187 
             -0.15107               0.01141               0.31599 
             -0.18256               0.01140               0.34063 
             -0.21632               0.01117               0.36250 
             -0.25158               0.01074               0.37814 
             -0.28735               0.01009               0.38438 
             -0.32250               0.00928               0.37875 
             -0.35591               0.00824               0.35973 
             -0.38651               0.00703               0.32696 
             -0.41347               0.00558               0.28121 
             -0.43619               0.00395               0.22453 
             -0.45439               0.00228               0.15995 
             -0.46807               0.00063               0.09108 
             -0.47747              -0.00094               0.02174 
             -0.48297              -0.00238              -0.04434 
             -0.48501              -0.00366              -0.10388 
             -0.48405              -0.00472              -0.15420 
             -0.48046              -0.00558              -0.19346 
             -0.47453              -0.00622              -0.22065 
             -0.46647              -0.00661              -0.23555 
             -0.45638              -0.00674              -0.23884 
             -0.44432              -0.00660              -0.23192 
             -0.43028              -0.00620              -0.21686 
             -0.41429              -0.00555              -0.19622 
             -0.39638              -0.00466              -0.17293 
             -0.37666              -0.00356              -0.15006 
             -0.35531              -0.00229              -0.13056 
             -0.33270              -0.00089              -0.11695 
             -0.30929               0.00056              -0.11123 
             -0.28557               0.00201              -0.11463 
             -0.26231               0.00340              -0.12735 
             -0.24005               0.00467              -0.14887 
             -0.21976               0.00577              -0.17725 
             -0.20224               0.00666              -0.21007 
             -0.18810               0.00731              -0.24443 
             -0.17780               0.00771              -0.27724 
             -0.17164               0.00786              -0.30548 
             -0.16977               0.00777              -0.32642 
             -0.17222               0.00744              -0.33780 
             -0.17892               0.00690              -0.33802 
             -0.18967               0.00617              -0.32626 
             -0.20420               0.00526              -0.30254 
             -0.22210               0.00420              -0.26779 
             -0.24284               0.00302              -0.22380 
             -0.26563               0.00177              -0.17330 
             -0.28925               0.00048              -0.11999 
             -0.31248              -0.00079              -0.06782 
             -0.33462              -0.00198              -0.02034 
             -0.35501              -0.00304               0.01921 
             -0.37300              -0.00390               0.04807 
             -0.38782              -0.00451               0.06405 
             -0.39888              -0.00484               0.06610 
             -0.40588              -0.00486               0.05433 
             -0.40880              -0.00457               0.03012 
             -0.40793              -0.00398              -0.00416 
             -0.40375              -0.00313              -0.04532 
             -0.39690              -0.00204              -0.08980 
             -0.38808              -0.00076              -0.13392 
             -0.37797               0.00066              -0.17433 
             -0.36725               0.00217              -0.20812 
             -0.35648               0.00373              -0.23317 
             -0.34639               0.00527              -0.24788 
             -0.33749               0.00678              -0.25167 
             -0.33015               0.00819              -0.24492 
             -0.32457               0.00945              -0.22888 
             -0.32079               0.01053              -0.20563 
             -0.31878               0.01137              -0.17781 
             -0.31840               0.01193              -0.14846 
             -0.31935               0.01217              -0.12082 
             -0.32152               0.01207              -0.09774 
             -0.32471               0.01162              -0.08171 
             -0.32867               0.01082              -0.07457 
             -0.33319               0.00971              -0.07733 
             -0.33804               0.00833              -0.09006 
             -0.34304               0.00674              -0.11192 
             -0.34806               0.00500              -0.14121 
             -0.35300               0.00320              -0.17561 
             -0.35784               0.00139              -0.21231 
             -0.36264              -0.00037              -0.24837 
             -0.36749              -0.00201              -0.28085 
             -0.37258              -0.00352              -0.30711 
             -0.37809              -0.00486              -0.32497 
             -0.38414              -0.00600              -0.33304 
             -0.39074              -0.00694              -0.33067 
             -0.39784              -0.00766              -0.31806 
             -0.40531              -0.00815              -0.29626 
             -0.41288              -0.00842              -0.26705 
             -0.42026              -0.00845              -0.23287 
             -0.42734              -0.00826              -0.19634 
             -0.43401              -0.00785              -0.16033 
             -0.44007              -0.00724              -0.12780 
             -0.44536              -0.00645              -0.10143 
             -0.44981              -0.00553              -0.08337 
             -0.45342              -0.00452              -0.07497 
             -0.45634              -0.00347              -0.07672 
             -0.45881              -0.00242              -0.08811 
             -0.46117              -0.00144              -0.10773 
             -0.46385              -0.00057              -0.13346 
             -0.46730               0.00018              -0.16258 
             -0.47197               0.00076              -0.19215 
             -0.47830               0.00118              -0.21924 
             -0.48661               0.00144              -0.24117 
             -0.49717               0.00155              -0.25578 
             -0.51012               0.00152              -0.26154 
             -0.52546               0.00138              -0.25769 
             -0.54303               0.00115              -0.24426 
             -0.56254               0.00086              -0.22208 
             -0.58351               0.00052              -0.19275 
             -0.60532               0.00018              -0.15849 
             -0.62722              -0.00015              -0.12196 
             -0.64839              -0.00043              -0.08609 
             -0.66798              -0.00065              -0.05375 
             -0.68520              -0.00078              -0.02757 
             -0.69942              -0.00081              -0.00957 
             -0.71025              -0.00072              -0.00102 
             -0.71754              -0.00053              -0.00225 
             -0.72148              -0.00023              -0.01262 
             -0.72252               0.00015              -0.03060 
             -0.72133               0.00061              -0.05393 
             -0.71877               0.00113              -0.07977 
             -0.71579               0.00168              -0.10502 
             -0.71332               0.00223              -0.12665 
             -0.71218               0.00277              -0.14190 
             -0.71308               0.00326              -0.14855 
             -0.71653               0.00367              -0.14504 
             -0.72280               0.00400              -0.13065 
             -0.73193               0.00423              -0.10560 
             -0.74365               0.00432              -0.07102 
             -0.75743               0.00426              -0.02898 
             -0.77244               0.00404               0.01761 
             -0.78766               0.00366               0.06526 
             -0.80189               0.00312               0.11015 
             -0.81390               0.00244               0.14842 
             -0.82250               0.00167               0.17666 
             -0.82677               0.00083               0.19227 
             -0.82612              -0.00004               0.19376 
             -0.82038              -0.00087               0.18098 
             -0.80979              -0.00163               0.15515 
             -0.79504              -0.00228               0.11873 
             -0.77709              -0.00278               0.07516 
             -0.75713              -0.00309               0.02851 
             -0.73639              -0.00322              -0.01696 
             -0.71606              -0.00316              -0.05715 
             -0.69714              -0.00290              -0.08849 
             -0.68044              -0.00247              -0.10812 
             -0.66659              -0.00186              -0.11409 
             -0.65594              -0.00111              -0.10546 
             -0.64866              -0.00023              -0.08229 
             -0.64478               0.00075              -0.04564 
             -0.64413               0.00181               0.00250 
             -0.64644               0.00289               0.05933 
             -0.65131               0.00397               0.12143 
             -0.65831               0.00497               0.18497 
             -0.66694               0.00584               0.24602 
             -0.67673               0.00653               0.30087 
             -0.68724               0.00693               0.34639 
             -0.69817               0.00698               0.38035 
             -0.70931               0.00663               0.40161 
             -0.72064               0.00600               0.41026 
             -0.73227               0.00508               0.40761 
             -0.74447               0.00391               0.39594 
             -0.75759               0.00247               0.37835 
             -0.77202               0.00084               0.35845 
             -0.78814              -0.00093               0.33985 
             -0.80622              -0.00276               0.32590 
             -0.82636              -0.00460               0.31933 
             -0.84847              -0.00643               0.32198 
             -0.87219              -0.00813               0.33475 
             -0.89686              -0.00967               0.35740 
             -0.92144              -0.01094               0.38844 
             -0.94460              -0.01198               0.42543 
             -0.96478              -0.01273               0.46502 
             -0.98026              -0.01308               0.50336 
             -0.98937              -0.01302               0.53668 
             -0.99063              -0.01259               0.56154 
             -0.98304              -0.01177               0.57528 
             -0.96617              -0.01053               0.57634 
             -0.94025              -0.00896               0.56461 
             -0.90616              -0.00712               0.54135 
             -0.86530              -0.00504               0.50907 
             -0.81942              -0.00267               0.47096 
             -0.77034              -0.00022               0.43109 
             -0.71992               0.00225               0.39340 
             -0.66989               0.00459               0.36142 
             -0.62166               0.00678               0.33795 
             -0.57639               0.00876               0.32499 
             -0.53493               0.01049               0.32328 
             -0.49789               0.01193               0.33241 
             -0.46566               0.01300               0.35084 
             -0.43849               0.01361               0.37592 
             -0.41653               0.01384               0.40427 
             -0.39981               0.01368               0.43220 
             -0.38829               0.01318               0.45568 
             -0.38180               0.01236               0.47101 
             -0.38005               0.01128               0.47518 
             -0.38266               0.00997               0.46601 
             -0.38912               0.00849               0.44253 
             -0.39888               0.00693               0.40514 
             -0.41134               0.00539               0.35523 
             -0.42598               0.00417               0.29518 
             -0.44229               0.00295               0.22867 
             -0.45988               0.00180               0.15974 
             -0.47843               0.00078               0.09249 
             -0.49774              -0.00000               0.03077 
             -0.51765              -0.00054              -0.02208 
             -0.53805              -0.00082              -0.06346 
             -0.55878              -0.00086              -0.09158 
             -0.57967              -0.00064              -0.10549 
             -0.60040              -0.00020              -0.10519 
             -0.62055               0.00046              -0.09154 
             -0.63951               0.00130              -0.06625 
             -0.65651               0.00230              -0.03181 
             -0.67067               0.00342               0.00870 
             -0.68097               0.00461               0.05178 
             -0.68645               0.00582               0.09374 
             -0.68623               0.00698               0.13108 
             -0.67965               0.00805               0.16072 
             -0.66634               0.00895               0.18034 
             -0.64628               0.00964               0.18857 
             -0.61988               0.01005               0.18512 
             -0.58783               0.01016               0.17075 
             -0.55113               0.00997               0.14714 
             -0.51090               0.00947               0.11669 
             -0.46831               0.00870               0.08215 
             -0.42441               0.00769               0.04637 
             -0.38013               0.00650               0.01197 
             -0.33604               0.00519              -0.01901 
             -0.29237               0.00382              -0.04530 
             -0.24925               0.00241              -0.06627 
             -0.20697               0.00106              -0.08170 
             -0.16627              -0.00020              -0.09156 
             -0.12763              -0.00136              -0.09644 
             -0.09128              -0.00239              -0.09781 
             -0.05744              -0.00326              -0.09753 
             -0.02631              -0.00396              -0.09776 
              0.00189              -0.00450              -0.10059 
              0.02689              -0.00488              -0.10789 
              0.04844              -0.00509              -0.12106 
              0.06630              -0.00516              -0.14097 
              0.08027              -0.00510              -0.16780 
              0.09026              -0.00491              -0.20107 
              0.09624              -0.00464              -0.23967 
              0.09832              -0.00430              -0.28197 
              0.09665              -0.00393              -0.32598 
              0.09149              -0.00356              -0.36953 
              0.08312              -0.00321              -0.41042 
              0.07185              -0.00293              -0.44665 
              0.05800              -0.00273              -0.47646 
              0.04187              -0.00263              -0.49851 
              0.02378              -0.00265              -0.51196 
              0.00402              -0.00278              -0.51648 
             -0.01709              -0.00302              -0.51229 
             -0.03921              -0.00333              -0.50014 
             -0.06192              -0.00370              -0.48127 
             -0.08475              -0.00408              -0.45730 
             -0.10711              -0.00443              -0.43018 
             -0.12834              -0.00470              -0.40201 
             -0.14773              -0.00485              -0.37491 
             -0.16450              -0.00484              -0.35087 
             -0.17789              -0.00465              -0.33151 
             -0.18718              -0.00426              -0.31802 
             -0.19177              -0.00368              -0.31096 
             -0.19120              -0.00292              -0.31027 
             -0.18517              -0.00198              -0.31525 
             -0.17354              -0.00090              -0.32465 
             -0.15637               0.00031              -0.33676 
             -0.13381               0.00162              -0.34966 
             -0.10615               0.00300              -0.36134 
             -0.07374               0.00443              -0.36995 
             -0.03700               0.00588              -0.37401 
              0.00358               0.00733              -0.37248 
              0.04743               0.00873              -0.36495 
              0.09390               0.01004              -0.35163 
              0.14222               0.01122              -0.33342 
              0.19146               0.01222              -0.31182 
              0.24045               0.01297              -0.28891 
              0.28800               0.01343              -0.26705 
              0.33256               0.01357              -0.24897 
              0.37268               0.01335              -0.23719 
              0.40686               0.01279              -0.23398 
              0.43456               0.01188              -0.24021 
              0.45504               0.01068              -0.25647 
              0.46790               0.00924              -0.28245 
              0.47279               0.00764              -0.31732 
              0.46985               0.00594              -0.35929 
              0.45954               0.00422              -0.40597 
              0.44252               0.00254              -0.45456 
              0.41952               0.00097              -0.50219 
              0.39132              -0.00046              -0.54601 
              0.35891              -0.00172              -0.58330 
              0.32335              -0.00278              -0.61155 
              0.28535              -0.00364              -0.62913 
              0.24545              -0.00428              -0.63514 
              0.20408              -0.00470              -0.62939 
              0.16161              -0.00491              -0.61246 
              0.11839              -0.00489              -0.58560 
              0.07479              -0.00465              -0.55072 
              0.03130              -0.00418              -0.51030 
             -0.01148              -0.00351              -0.46717 
             -0.05285              -0.00264              -0.42443 
             -0.09196              -0.00160              -0.38516 
             -0.12794              -0.00042              -0.35219 
             -0.15990               0.00084              -0.32785 
             -0.18705               0.00214              -0.31373 
             -0.20879               0.00341              -0.31054 
             -0.22473               0.00458              -0.31802 
             -0.23477               0.00560              -0.33494 
             -0.23908               0.00642              -0.35922 
             -0.23805               0.00698              -0.38818 
             -0.23225               0.00727              -0.41876 
             -0.22235               0.00727              -0.44780 
             -0.20905               0.00697              -0.47234 
             -0.19299               0.00638              -0.48981 
             -0.17477               0.00553              -0.49825 
             -0.15486               0.00443              -0.49639 
             -0.13367               0.00312              -0.48377 
             -0.11152               0.00163              -0.46072 
             -0.08870               0.00001              -0.42836 
             -0.06548              -0.00169              -0.38848 
             -0.04215              -0.00341              -0.34351 
             -0.01906              -0.00508              -0.29624 
              0.00337              -0.00664              -0.24968 
              0.02468              -0.00801              -0.20680 
              0.04436              -0.00913              -0.17023 
              0.06187              -0.00995              -0.14207 
              0.07674              -0.01043              -0.12362 
              0.08853              -0.01055              -0.11529 
              0.09693              -0.01031              -0.11656 
              0.10172              -0.00973              -0.12604 
              0.10284              -0.00882              -0.14163 
              0.10030              -0.00762              -0.16077 
              0.09421              -0.00618              -0.18067 
              0.08471              -0.00453              -0.19862 
              0.07196              -0.00272              -0.21223 
              0.05613              -0.00080              -0.21962 
              0.03736               0.00119              -0.21954 
              0.01580               0.00321              -0.21151 
             -0.00837               0.00520              -0.19576 
             -0.03493               0.00711              -0.17322 
             -0.06359               0.00890              -0.14543 
             -0.09395               0.01050              -0.11437 
             -0.12537               0.01188              -0.08240 
             -0.15722               0.01301              -0.05179 
             -0.18888               0.01386              -0.02457 
             -0.21944               0.01444              -0.00257 
             -0.24816               0.01476               0.01312 
             -0.27431               0.01485               0.02210 
             -0.29728               0.01475               0.02473 
             -0.31676               0.01452               0.02232 
             -0.33242               0.01421               0.01666 
             -0.34408               0.01386               0.01000 
             -0.35167               0.01353               0.00494 
             -0.35515               0.01324               0.00401 
             -0.35442               0.01302               0.00953 
             -0.34947               0.01292               0.02357 
             -0.34025               0.01296               0.04756 
             -0.32664               0.01316               0.08225 
             -0.30839               0.01354               0.12738 
             -0.28525               0.01409               0.18175 
             -0.25696               0.01474               0.24321 
             -0.22334               0.01562               0.30849 
             -0.18443               0.01652               0.37398 
             -0.14050               0.01730               0.43542 
             -0.09221               0.01795               0.48879 
             -0.04120               0.01869               0.52948 
              0.01142               0.01930               0.55433 
              0.06552               0.01959               0.56242 
              0.12030               0.01954               0.55302 
              0.17390               0.01924               0.52754 
              0.22494               0.01882               0.48848 
              0.27218               0.01822               0.43955 
              0.31476               0.01723               0.38495 
              0.35223               0.01627               0.32909 
              0.38442               0.01513               0.27687 
              0.41145               0.01385               0.23263 
              0.43357               0.01250               0.19995 
              0.45113               0.01119               0.18156 
              0.46442               0.01001               0.17910 
              0.47368               0.00902               0.19304 
              0.47902               0.00826               0.22269 
              0.48045               0.00778               0.26622 
              0.47787               0.00764               0.32067 
              0.47120               0.00791               0.38196 
              0.46036               0.00848               0.44581 
              0.44545               0.00941               0.50708 
              0.42678               0.01048               0.56109 
              0.40494               0.01171               0.60410 
              0.38082               0.01332               0.63304 
              0.35560               0.01528               0.64591 
              0.33065               0.01736               0.64220 
              0.30740               0.01945               0.62271 
              0.28727               0.02142               0.58945 
              0.27148               0.02332               0.54549 
              0.26105               0.02516               0.49461 
              0.25670               0.02671               0.44095 
              0.25890               0.02791               0.38846 
              0.26785               0.02865               0.34094 
              0.28358               0.02889               0.30152 
              0.30590               0.02866               0.27249 
              0.33450               0.02807               0.25495 
              0.36888               0.02708               0.24894 
              0.40836               0.02575               0.25344 
              0.45203               0.02411               0.26641 
              0.49875               0.02219               0.28498 
              0.54713               0.02004               0.30575 
              0.59559               0.01778               0.32500 
              0.64243               0.01551               0.33916 
              0.68598               0.01327               0.34521 
              0.72475               0.01113               0.34092 
              0.75756               0.00920               0.32514 
              0.78379               0.00760               0.29791 
              0.80327               0.00640               0.26054 
              0.81629               0.00568               0.21525 
              0.82355               0.00549               0.16500 
              0.82598               0.00577               0.11320 
              0.82465               0.00647               0.06312 
              0.82059               0.00756               0.01771 
              0.81470               0.00901              -0.02080 
              0.80764               0.01077              -0.05097 
              0.79985               0.01279              -0.07227 
              0.79148               0.01499              -0.08505 
              0.78242               0.01733              -0.09048 
              0.77245               0.01973              -0.09032 
              0.76119               0.02212              -0.08680 
              0.74820               0.02443              -0.08235 
              0.73309               0.02658              -0.07938 
              0.71562               0.02849              -0.07991 
              0.69572               0.03008              -0.08542 
              0.67356               0.03132              -0.09664 
              0.64952               0.03217              -0.11362 
              0.62408               0.03264              -0.13569 
              0.59786               0.03272              -0.16156 
              0.57153               0.03246              -0.18939 
              0.54574               0.03188              -0.21700 
              0.52107               0.03103              -0.24205 
              0.49802               0.02997              -0.26218 
              0.47682               0.02874              -0.27541 
              0.45778               0.02739              -0.27985 
              0.44115               0.02595              -0.27405 
              0.42698               0.02445              -0.25727 
              0.41515               0.02294              -0.22954 
              0.40539               0.02145              -0.19167 
              0.39740               0.01998              -0.14525 
              0.39080               0.01858              -0.09264 
              0.38519               0.01725              -0.03679 
              0.38001               0.01602               0.01861 
              0.37490               0.01491               0.06996 
              0.36949               0.01395               0.11359 
              0.36346               0.01314               0.14627 
              0.35661               0.01245               0.16556 
              0.34887               0.01188               0.17008 
              0.34034               0.01141               0.15968 
              0.33121               0.01100               0.13550 
              0.32183               0.01064               0.09982 
              0.31257               0.01033               0.05586 
              0.30377               0.01006               0.00735 
              0.29547               0.00983              -0.04204 
              0.28794               0.00966              -0.08846 
              0.28169               0.00956              -0.12821 
              0.27692               0.00953              -0.15849 
              0.27376               0.00960              -0.17730 
              0.27208               0.00979              -0.18383 
              0.27163               0.01010              -0.17824 
              0.27197               0.01052              -0.16182 
              0.27266               0.01103              -0.13663 
              0.27316               0.01165              -0.10556 
              0.27290               0.01237              -0.07202 
              0.27130               0.01320              -0.03976 
              0.26778               0.01413              -0.01255 
              0.26183               0.01516               0.00622 
              0.25327               0.01630               0.01407 
              0.24194               0.01754               0.00931 
              0.22795               0.01886              -0.00850 
              0.21144               0.02027              -0.03876 
              0.19279               0.02174              -0.07969 
              0.17248               0.02326              -0.12863 
              0.15127               0.02481              -0.18204 
              0.12979               0.02637              -0.23623 
              0.10856               0.02794              -0.28759 
              0.08803               0.02949              -0.33280 
              0.06854               0.03101              -0.36907 
              0.05039               0.03249              -0.39427 
