           -206.47843               9.89518            -196.58325             531.61150 
           -207.10999              10.00228            -197.10771             537.36539 
           -207.88801               9.08171            -198.80630             487.90853 
           -207.84844               8.39818            -199.45026             451.18644 
           -206.05459               6.13067            -199.92392             329.36608 
           -210.16060               9.63249            -200.52810             517.49886 
           -209.70371               8.23675            -201.46695             442.51365 
           -210.09512               8.65063            -201.44450             464.74876 
           -208.93305               7.28308            -201.64997             391.27817 
           -208.38348               6.75461            -201.62887             362.88678 
           -209.91791               8.16250            -201.75541             438.52458 
           -209.84004               7.82825            -202.01179             420.56711 
           -210.45504               8.03827            -202.41677             431.85026 
           -208.77615               6.20288            -202.57327             333.24531 
           -209.25912               6.50297            -202.75614             349.36758 
           -210.71264               7.89106            -202.82158             423.94175 
           -209.83080               6.61414            -203.21665             355.34014 
           -210.19609               6.86805            -203.32804             368.98097 
           -208.38488               5.18604            -203.19884             278.61628 
           -210.18224               6.82024            -203.36200             366.41250 
           -210.19344               7.07921            -203.11423             380.32582 
           -210.27281               6.32388            -203.94894             339.74574 
           -211.09393               7.13571            -203.95822             383.36078 
           -209.51446               5.34090            -204.17357             286.93585 
           -211.07618               6.77940            -204.29677             364.21871 
           -210.49204               5.63820            -204.85383             302.90857 
           -210.51629               5.63347            -204.88282             302.65409 
           -210.55858               5.77779            -204.78079             310.40774 
           -209.37489               4.35722            -205.01768             234.08848 
           -210.74922               6.20172            -204.54750             333.18307 
           -210.52646               6.14921            -204.37725             330.36214 
           -209.89989               5.79208            -204.10782             311.17529 
           -209.92651               5.66761            -204.25890             304.48859 
           -209.39172               5.13106            -204.26065             275.66268 
           -210.14973               5.70508            -204.44465             306.50142 
           -209.91318               5.43588            -204.47730             292.03907 
           -210.77865               6.09901            -204.67964             327.66512 
           -209.37651               4.44631            -204.93020             238.87484 
           -209.03648               4.57857            -204.45791             245.98034 
           -210.11029               5.76713            -204.34316             309.83525 
           -209.00603               4.69819            -204.30784             252.40691 
           -209.69372               5.39769            -204.29603             289.98718 
           -209.01277               4.92914            -204.08363             264.81449 
           -208.78489               4.92733            -203.85756             264.71745 
           -209.14647               5.67321            -203.47326             304.78942 
           -208.84985               4.95985            -203.89000             266.46427 
           -209.33364               5.20094            -204.13270             279.41693 
           -208.26695               4.10325            -204.16370             220.44410 
           -208.77636               4.79900            -203.97736             257.82271 
           -209.07916               5.11550            -203.96367             274.82658 
           -208.78637               4.70122            -204.08515             252.56979 
           -209.03548               4.92607            -204.10941             264.64972 
           -208.53140               4.41986            -204.11154             237.45409 
           -208.07196               4.17586            -203.89609             224.34535 
           -208.42765               4.50578            -203.92187             242.06988 
           -208.49117               4.45021            -204.04096             239.08454 
           -208.12400               4.15929            -203.96472             223.45475 
           -208.21772               4.43984            -203.77788             238.52739 
           -207.82998               4.13930            -203.69068             222.38112 
           -207.29244               3.66935            -203.62309             197.13319 
           -207.98430               4.34431            -203.63999             233.39520 
           -207.23606               3.89091            -203.34515             209.03647 
           -207.55604               4.02960            -203.52644             216.48736 
           -207.08417               4.23307            -202.85110             227.41880 
           -206.90380               4.36078            -202.54302             234.27984 
           -206.80286               4.48936            -202.31350             241.18781 
           -206.51101               4.50538            -202.00563             242.04828 
           -206.65765               4.36771            -202.28994             234.65206 
           -206.21514               4.02002            -202.19513             215.97264 
           -206.61398               4.61939            -201.99459             248.17358 
           -206.24824               4.39059            -201.85764             235.88161 
           -206.14850               4.36572            -201.78278             234.54511 
           -206.18317               4.35554            -201.82764             233.99827 
           -206.46006               4.20498            -202.25508             225.90934 
           -206.04613               3.89052            -202.15561             209.01545 
           -206.48590               3.97833            -202.50757             213.73317 
           -206.89949               4.29241            -202.60708             230.60669 
           -206.48732               3.88586            -202.60146             208.76514 
           -206.60373               4.06404            -202.53969             218.33785 
           -206.31303               4.04805            -202.26498             217.47864 
           -206.42116               4.32278            -202.09838             232.23832 
           -206.60774               4.36043            -202.24731             234.26099 
           -206.85857               4.76199            -202.09659             255.83437 
           -206.07658               4.01697            -202.05961             215.80886 
           -206.31591               4.23356            -202.08235             227.44490 
           -206.11111               4.27106            -201.84005             229.45971 
           -206.10307               4.30341            -201.79966             231.19785 
           -205.83262               4.35764            -201.47498             234.11110 
           -205.84622               4.64349            -201.20273             249.46815 
           -205.85575               4.64954            -201.20620             249.79350 
           -206.04649               4.56796            -201.47853             245.41069 
           -205.86683               4.45566            -201.41117             239.37695 
           -206.04833               4.69736            -201.35097             252.36258 
           -205.87506               4.53628            -201.33877             243.70870 
           -205.94843               4.30774            -201.64069             231.43039 
           -206.04396               4.31780            -201.72617             231.97050 
           -206.19008               4.47999            -201.71009             240.68415 
           -206.08881               4.25694            -201.83188             228.70096 
           -206.30883               4.59376            -201.71507             246.79645 
           -205.81906               4.02138            -201.79768             216.04578 
           -205.96213               4.19322            -201.76891             225.27793 
           -206.38199               4.64581            -201.73618             249.59308 
           -206.68775               4.48612            -202.20163             241.01382 
           -206.13668               3.98144            -202.15524             213.90014 
           -206.33721               4.54769            -201.78952             244.32152 
           -205.82183               4.11409            -201.70773             221.02681 
           -206.60937               4.49829            -202.11107             241.66755 
           -206.35414               4.52147            -201.83267             242.91269 
           -206.45964               4.39021            -202.06943             235.86108 
           -206.34050               4.38136            -201.95913             235.38566 
           -206.15504               4.16040            -201.99464             223.51469 
           -206.43941               4.34935            -202.09006             233.66572 
           -206.79127               4.25571            -202.53557             228.63478 
           -206.67746               3.92160            -202.75585             210.68544 
           -207.00975               4.14824            -202.86151             222.86125 
           -206.97510               4.04601            -202.92909             217.36917 
           -207.00645               4.11668            -202.88978             221.16551 
           -207.03751               4.36199            -202.67553             234.34462 
           -206.92999               4.19353            -202.73646             225.29467 
           -207.33158               4.44602            -202.88555             238.85953 
           -207.29103               4.38377            -202.90726             235.51497 
           -207.40676               4.46847            -202.93829             240.06540 
           -207.39883               4.34336            -203.05547             233.34377 
           -207.58042               4.00009            -203.58033             214.90184 
           -207.91828               4.20581            -203.71247             225.95425 
           -207.63463               4.06577            -203.56886             218.43061 
           -207.71979               4.03984            -203.67995             217.03765 
           -207.79917               4.06059            -203.73859             218.15208 
           -208.22002               4.05720            -204.16282             217.97001 
           -208.33069               4.06000            -204.27069             218.12065 
           -208.66455               4.37304            -204.29151             234.93835 
           -208.99810               4.49666            -204.50144             241.57985 
           -209.31294               4.47851            -204.83444             240.60454 
           -208.95365               4.04782            -204.90583             217.46629 
           -209.15049               4.11332            -205.03717             220.98535 
           -209.24612               3.99238            -205.25375             214.48755 
           -209.42864               4.07203            -205.35660             218.76697 
           -209.40146               4.02901            -205.37245             216.45578 
           -209.61734               3.95952            -205.65782             212.72216 
           -209.70908               4.11873            -205.59035             221.27590 
           -209.62717               4.01529            -205.61189             215.71852 
           -209.68946               4.16016            -205.52930             223.50159 
           -210.20139               4.53640            -205.66499             243.71480 
           -210.32921               4.28403            -206.04519             230.15632 
           -210.38603               4.54648            -205.83955             244.25635 
           -210.13683               3.93418            -206.20265             211.36100 
           -210.47598               4.37431            -206.10167             235.00679 
           -210.80508               4.45717            -206.34791             239.45832 
           -210.62061               4.02117            -206.59944             216.03469 
           -210.73292               3.92211            -206.81082             210.71236 
           -211.02181               4.07666            -206.94514             219.01575 
           -211.15371               4.15394            -206.99977             223.16745 
           -211.05258               4.11965            -206.93294             221.32514 
           -211.19739               4.26376            -206.93363             229.06760 
           -211.31971               4.48657            -206.83314             241.03796 
           -211.63546               4.37027            -207.26518             234.78981 
           -211.68843               4.56740            -207.12103             245.38048 
           -211.25533               4.03717            -207.21816             216.89426 
           -212.20208               4.68509            -207.51698             251.70320 
           -211.69092               4.48810            -207.20282             241.12021 
           -211.95044               4.51858            -207.43186             242.75779 
           -211.66671               4.33985            -207.32686             233.15545 
           -212.06506               4.83424            -207.23082             259.71592 
           -212.24522               4.82210            -207.42312             259.06407 
           -212.05280               4.45951            -207.59329             239.58388 
           -212.29513               4.75851            -207.53662             255.64737 
           -212.08759               4.49340            -207.59419             241.40463 
           -212.36071               4.73514            -207.62558             254.39197 
           -212.25281               4.61119            -207.64161             247.73296 
           -212.65486               4.90333            -207.75153             263.42778 
           -212.21248               4.40069            -207.81179             236.42400 
           -212.53088               4.37529            -208.15559             235.05950 
           -212.77527               4.90100            -207.87427             263.30278 
           -212.23586               4.16287            -208.07299             223.64731 
           -213.04376               4.66498            -208.37878             250.62260 
           -212.76629               4.45082            -208.31547             239.11718 
           -212.99317               4.36647            -208.62671             234.58528 
           -213.34343               4.48207            -208.86136             240.79626 
           -212.55667               3.83562            -208.72105             206.06601 
           -213.43255               4.98084            -208.45170             267.59226 
           -212.66455               4.30599            -208.35856             231.33613 
           -212.99535               4.66753            -208.32782             250.75953 
           -212.96893               4.93751            -208.03142             265.26441 
           -212.79712               4.51137            -208.28575             242.37005 
           -213.13133               4.77873            -208.35260             256.73376 
           -212.91477               4.60763            -208.30715             247.54151 
           -212.87284               4.55514            -208.31770             244.72157 
           -213.07926               4.73513            -208.34414             254.39137 
           -212.91603               4.62561            -208.29042             248.50789 
           -212.86712               4.60450            -208.26262             247.37325 
           -212.95825               4.48020            -208.47806             240.69541 
           -213.27461               4.59209            -208.68252             246.70675 
           -212.89634               4.15293            -208.74341             223.11331 
           -212.78929               4.27725            -208.51204             229.79248 
           -212.32949               4.16477            -208.16472             223.74910 
           -212.95848               4.68022            -208.27825             251.44169 
           -212.56718               4.46859            -208.09859             240.07191 
           -213.36145               5.25101            -208.11044             282.10661 
           -213.15938               5.01953            -208.13986             269.67050 
           -212.07875               4.20992            -207.86883             226.17474 
           -212.76249               4.85167            -207.91082             260.65280 
           -212.28995               4.47319            -207.81676             240.31890 
           -212.17531               4.49352            -207.68179             241.41135 
           -212.49841               4.69012            -207.80829             251.97358 
           -212.09779               4.46818            -207.62961             240.04957 
           -212.46278               4.47641            -207.98637             240.49189 
           -211.79305               3.95809            -207.83496             212.64568 
           -212.36157               4.48437            -207.87720             240.91957 
           -212.15786               4.08562            -208.07224             219.49725 
           -211.76729               4.06941            -207.69788             218.62637 
           -212.49444               4.59808            -207.89636             247.02860 
           -211.96499               4.05202            -207.91297             217.69186 
           -211.97544               4.03923            -207.93620             217.00499 
           -211.75168               4.06317            -207.68851             218.29091 
           -212.07510               4.79694            -207.27816             257.71240 
           -211.55279               4.29207            -207.26072             230.58837 
           -211.23083               4.33505            -206.89578             232.89747 
           -211.11586               4.09312            -207.02274             219.89999 
           -211.23404               4.26392            -206.97012             229.07618 
           -211.34748               4.48441            -206.86307             240.92187 
           -211.16180               4.35803            -206.80378             234.13187 
           -211.37618               4.59169            -206.78449             246.68516 
           -211.04537               4.02627            -207.01910             216.30875 
           -210.81008               3.46260            -207.34748             186.02549 
           -211.18581               4.21600            -206.96981             226.50159 
           -210.58532               3.79641            -206.78891             203.95949 
           -210.60425               3.77638            -206.82787             202.88348 
           -210.65279               3.84639            -206.80640             206.64478 
           -210.63014               4.11567            -206.51447             221.11166 
           -210.39017               3.86162            -206.52855             207.46269 
           -210.29785               4.01739            -206.28046             215.83132 
           -210.00132               4.13207            -205.86925             221.99268 
           -209.51964               4.21341            -205.30623             226.36227 
           -209.25092               3.90340            -205.34752             209.70763 
           -209.07061               4.14858            -204.92203             222.87938 
           -209.20028               4.45818            -204.74211             239.51238 
           -208.84470               4.39625            -204.44845             236.18523 
           -208.46375               4.19552            -204.26823             225.40126 
           -208.45617               4.07436            -204.38181             218.89228 
           -208.44565               4.59943            -203.84622             247.10099 
           -208.20544               4.45250            -203.75293             239.20755 
           -208.28269               4.74459            -203.53810             254.89968 
           -207.90482               4.39799            -203.50683             236.27906 
           -207.47003               3.89296            -203.57708             209.14627 
           -207.60358               4.37072            -203.23286             234.81393 
           -207.52297               4.50219            -203.02079             241.87687 
           -207.33281               4.36246            -202.97035             234.37013 
           -207.40190               4.55611            -202.84580             244.77376 
           -206.66537               4.15040            -202.51497             222.97738 
           -206.79035               4.52193            -202.26842             242.93743 
           -206.34685               4.36285            -201.98400             234.39087 
           -206.91149               4.77268            -202.13882             256.40862 
           -206.00074               3.74671            -202.25403             201.28934 
           -206.52645               4.24733            -202.27912             228.18458 
           -206.98747               4.75832            -202.22914             255.63758 
           -206.53310               4.40284            -202.13026             236.53950 
           -205.93080               4.26486            -201.66594             229.12654 
           -205.70773               4.46579            -201.24194             239.92165 
           -206.41147               4.97918            -201.43229             267.50268 
           -206.18484               4.53114            -201.65370             243.43211 
           -206.33940               4.38852            -201.95088             235.77002 
           -206.18037               3.98908            -202.19129             214.31068 
           -206.51918               4.18924            -202.32993             225.06421 
           -206.31874               4.16506            -202.15369             223.76481 
           -206.64905               4.51608            -202.13298             242.62294 
           -206.31880               4.43085            -201.88795             238.04442 
           -206.15986               4.12403            -202.03584             221.56038 
           -205.83806               4.08849            -201.74956             219.65147 
           -205.63786               3.88314            -201.75472             208.61919 
           -206.03013               4.30251            -201.72763             231.14920 
           -206.06499               4.07583            -201.98916             218.97104 
           -206.39211               4.44551            -201.94660             238.83200 
           -206.79270               4.94919            -201.84351             265.89168 
           -205.93450               4.33184            -201.60266             232.72497 
           -206.27490               4.44958            -201.82533             239.05036 
           -205.90269               4.36425            -201.53844             234.46624 
           -205.96795               4.37701            -201.59094             235.15151 
           -206.61650               4.71891            -201.89759             253.52033 
           -206.00078               4.09159            -201.90919             219.81760 
           -206.14577               4.82609            -201.31968             259.27822 
           -205.58042               4.17968            -201.40074             224.55047 
           -206.40622               4.78824            -201.61799             257.24457 
           -206.08736               4.71002            -201.37734             253.04230 
           -206.02886               4.58955            -201.43931             246.57055 
           -206.22548               4.52467            -201.70081             243.08461 
           -206.03601               4.22646            -201.80954             227.06367 
           -205.93104               4.24463            -201.68640             228.03996 
           -206.36114               4.41646            -201.94469             237.27093 
           -206.16634               4.10990            -202.05644             220.80174 
           -206.40270               4.28297            -202.11973             230.09957 
           -206.15401               4.23257            -201.92144             227.39194 
           -205.95797               4.20523            -201.75274             225.92312 
           -205.87569               3.96742            -201.90828             213.14663 
           -205.97902               4.41571            -201.56331             237.23076 
           -206.08465               4.64091            -201.44374             249.32972 
           -205.54439               4.20829            -201.33610             226.08736 
           -205.45387               4.28314            -201.17072             230.10891 
           -206.31851               5.07424            -201.24426             272.61018 
           -205.61160               4.38978            -201.22183             235.83761 
           -206.25775               4.46096            -201.79679             239.66216 
           -206.09278               4.25195            -201.84082             228.43321 
           -206.03476               4.21230            -201.82246             226.30295 
           -206.17741               4.36000            -201.81741             234.23802 
           -206.30046               4.22785            -202.07261             227.13837 
           -206.52055               4.55053            -201.97002             244.47397 
           -207.05324               4.89910            -202.15415             263.20065 
           -206.91204               4.42355            -202.48849             237.65223 
           -207.02782               4.56549            -202.46233             245.27748 
           -206.86471               4.27012            -202.59459             229.40900 
           -207.27898               4.48592            -202.79305             241.00310 
           -206.81825               4.17355            -202.64471             224.22095 
           -207.17886               4.55989            -202.61897             244.97666 
           -208.02331               5.11632            -202.90699             274.87043 
           -208.11638               4.96261            -203.15378             266.61246 
           -208.02240               4.82008            -203.20232             258.95519 
           -207.68281               4.20156            -203.48125             225.72569 
           -208.19530               4.82364            -203.37166             259.14642 
           -208.28895               4.56723            -203.72172             245.37111 
           -208.47203               4.42299            -204.04905             237.62184 
           -209.07951               4.94531            -204.13420             265.68319 
           -208.34013               4.31446            -204.02567             231.79141 
           -208.89144               4.55131            -204.34012             244.51610 
           -209.30734               4.72040            -204.58694             253.59997 
           -209.07366               4.76620            -204.30745             256.06090 
           -209.72727               4.81322            -204.91405             258.58708 
           -209.47493               4.47753            -204.99740             240.55219 
           -209.49033               4.74076            -204.74957             254.69407 
           -209.43550               4.47593            -204.95957             240.46609 
           -209.69249               4.57206            -205.12043             245.63092 
           -210.05406               4.82728            -205.22678             259.34237 
           -210.03338               4.21569            -205.81769             226.48511 
           -210.68633               4.69922            -205.98711             252.46206 
           -210.47703               4.43054            -206.04649             238.02756 
           -210.60945               4.23914            -206.37031             227.74458 
           -210.37687               3.92557            -206.45130             210.89871 
           -210.93223               4.32346            -206.60877             232.27477 
           -211.10847               4.46476            -206.64371             239.86603 
           -211.02165               4.45454            -206.56710             239.31725 
           -211.08442               4.27596            -206.80846             229.72309 
           -211.68127               4.81687            -206.86440             258.78272 
           -210.82407               3.75402            -207.07005             201.68230 
           -211.15602               4.17255            -206.98347             224.16719 
           -211.80706               4.56068            -207.24638             245.01916 
           -211.33979               3.90342            -207.43637             209.70851 
           -211.83882               4.57722            -207.26160             245.90814 
           -212.05027               4.69358            -207.35669             252.15913 
           -211.47423               4.14149            -207.33274             222.49847 
           -212.21054               5.11687            -207.09367             274.90009 
           -211.72366               4.23759            -207.48607             227.66177 
           -212.06470               4.42008            -207.64461             237.46577 
           -212.13487               4.40909            -207.72578             236.87529 
           -212.33833               4.24408            -208.09425             228.01010 
           -212.76604               4.60418            -208.16186             247.35648 
           -212.43182               4.49476            -207.93705             241.47804 
           -212.10835               4.21130            -207.89704             226.24920 
           -212.76461               4.64970            -208.11491             249.80204 
           -212.35095               4.04530            -208.30565             217.33066 
           -212.70429               4.48710            -208.21719             241.06635 
           -212.50950               4.31416            -208.19534             231.77527 
           -212.69668               4.53205            -208.16463             243.48122 
           -212.38718               4.30791            -208.07927             231.43918 
           -212.54644               4.67675            -207.86968             251.25532 
           -212.56237               4.59728            -207.96509             246.98559 
           -212.54954               4.41093            -208.13861             236.97388 
           -212.62994               4.70905            -207.92089             252.99037 
           -212.66927               4.51450            -208.15477             242.53859 
           -213.31449               4.81911            -208.49539             258.90326 
           -213.17204               4.52286            -208.64918             242.98742 
           -212.79329               4.20373            -208.58956             225.84248 
           -213.26457               4.55748            -208.70709             244.84742 
           -212.71578               4.15632            -208.55945             223.29538 
           -213.21721               4.57962            -208.63759             246.03681 
           -212.81839               3.98802            -208.83037             214.25373 
           -212.96809               4.00405            -208.96405             215.11456 
           -213.06353               4.20983            -208.85369             226.17028 
           -213.29097               4.35068            -208.94029             233.73722 
           -213.11033               4.29240            -208.81793             230.60639 
           -212.96640               4.67366            -208.29274             251.08932 
           -212.94749               4.67862            -208.26887             251.35557 
           -213.12232               5.12911            -207.99321             275.55772 
           -212.78792               4.66956            -208.11836             250.86877 
           -212.72539               4.85839            -207.86699             261.01381 
           -212.73923               4.53996            -208.19927             243.90616 
           -212.48291               4.38587            -208.09704             235.62777 
           -212.34193               4.51791            -207.82403             242.72136 
           -212.34826               4.73132            -207.61694             254.18683 
           -212.43413               4.86014            -207.57399             261.10778 
           -212.24699               4.56919            -207.67779             245.47676 
           -211.97499               4.58616            -207.38884             246.38809 
           -212.50102               4.97023            -207.53079             267.02190 
           -212.10423               4.92095            -207.18328             264.37440 
           -211.10074               4.03849            -207.06225             216.96513 
           -211.77604               4.57776            -207.19828             245.93694 
           -211.97952               4.81568            -207.16385             258.71886 
           -211.95541               4.66258            -207.29284             250.49358 
           -211.76234               4.53557            -207.22676             243.67050 
           -211.62017               4.42592            -207.19425             237.77947 
           -211.54068               4.42165            -207.11903             237.54991 
           -211.79615               4.19176            -207.60439             225.19935 
           -212.34144               5.02651            -207.31493             270.04568 
           -211.42876               4.16362            -207.26515             223.68729 
           -211.23737               4.27717            -206.96021             229.78768 
           -211.16591               4.35228            -206.81364             233.82299 
           -211.04439               4.54047            -206.50392             243.93373 
           -210.77994               4.35269            -206.42726             233.84496 
           -211.07356               4.51898            -206.55458             242.77881 
           -210.60357               4.48400            -206.11956             240.89990 
           -210.54214               4.53437            -206.00777             243.60591 
           -210.31668               4.66094            -205.65573             250.40584 
           -210.27734               4.78242            -205.49492             256.93189 
           -209.43246               4.08990            -205.34256             219.72706 
           -209.69382               4.58000            -205.11382             246.05737 
           -209.64912               4.57074            -205.07838             245.55966 
           -209.81814               4.72278            -205.09536             253.72808 
           -209.46767               4.70338            -204.76429             252.68580 
           -209.38173               4.57677            -204.80496             245.88381 
           -209.30790               4.63907            -204.66882             249.23098 
           -209.07604               4.69200            -204.38403             252.07453 
           -208.87998               4.32903            -204.55095             232.57396 
           -209.18250               4.71397            -204.46852             253.25492 
           -208.61644               4.19492            -204.42153             225.36905 
           -208.21164               3.79979            -204.41185             204.14127 
           -208.35351               4.27492            -204.07859             229.66715 
           -208.44609               4.77036            -203.67574             256.28404 
           -207.80959               4.37400            -203.43558             234.99022 
           -207.78347               4.26515            -203.51832             229.14202 
           -207.81493               4.48222            -203.33271             240.80396 
           -207.47417               4.50813            -202.96603             242.19628 
           -207.97275               4.97645            -202.99630             267.35600 
           -208.11256               5.49132            -202.62124             295.01743 
           -207.15244               5.03630            -202.11613             270.57193 
           -205.94200               4.26538            -201.67662             229.15453 
           -206.49036               4.52369            -201.96667             243.03184 
           -206.09738               4.55295            -201.54443             244.60419 
           -206.48184               4.85495            -201.62688             260.82885 
           -206.49361               5.10724            -201.38638             274.38262 
           -206.11401               4.87166            -201.24235             261.72672 
           -205.98219               4.78393            -201.19826             257.01311 
           -206.52007               5.10450            -201.41557             274.23576 
           -205.89964               4.57579            -201.32384             245.83129 
           -205.83136               4.62758            -201.20377             248.61369 
           -205.74173               4.98130            -200.76043             267.61697 
           -206.07400               5.23463            -200.83937             281.22701 
           -205.84927               4.56867            -201.28059             245.44877 
