           -422.13648              22.69533            -399.44115            1219.29032 
           -419.30306              18.21834            -401.08473             978.76729 
           -416.71508              14.10941            -402.60567             758.01830 
           -419.61001              15.32062            -404.28939             823.08954 
           -419.31793              13.84691            -405.47102             743.91570 
           -422.42737              15.05185            -407.37552             808.64998 
           -417.74724               9.31151            -408.43573             500.25427 
           -423.50782              14.16372            -409.34409             760.93594 
           -422.50420              12.78798            -409.71622             687.02525 
           -419.58916               9.32210            -410.26706             500.82329 
           -423.96593              13.52145            -410.44448             726.43050 
           -421.49902               9.96635            -411.53267             535.43528 
           -424.51945              11.53824            -412.98121             619.88400 
           -422.42075               9.05315            -413.36759             486.37422 
           -423.44885               9.85840            -413.59045             529.63565 
           -426.13506              12.27785            -413.85721             659.61872 
           -421.43013               7.25805            -414.17208             389.93371 
           -425.61868              11.28436            -414.33432             606.24403 
           -424.53916               9.84866            -414.69050             529.11228 
           -422.31877               7.30589            -415.01289             392.50369 
           -424.99045              10.29969            -414.69076             553.34357 
           -423.16297               8.71141            -414.45156             468.01435 
           -424.83499               9.78847            -415.04652             525.87871 
           -423.97867               8.29396            -415.68470             445.58730 
           -424.25423               8.63848            -415.61575             464.09613 
           -426.81917              10.94707            -415.87211             588.12346 
           -422.14628               6.22519            -415.92109             334.44368 
           -426.50813              10.80403            -415.70410             580.43905 
           -425.12601               8.77733            -416.34868             471.55572 
           -423.53476               6.77592            -416.75884             364.03168 
           -425.77954               8.74205            -417.03749             469.66032 
           -424.64544               7.26861            -417.37682             390.50113 
           -425.69828               8.22257            -417.47571             441.75163 
           -424.69693               6.74316            -417.95376             362.27171 
           -425.22609               6.88790            -418.33819             370.04742 
           -427.20908               8.74225            -418.46683             469.67135 
           -423.57207               5.32040            -418.25167             285.83459 
           -425.89590               7.84301            -418.05290             421.36012 
           -425.62119               7.88189            -417.73930             423.44916 
           -424.04262               6.30527            -417.73735             338.74614 
           -425.55281               7.97903            -417.57378             428.66786 
           -423.75910               6.04985            -417.70926             325.02366 
           -424.71517               7.21804            -417.49713             387.78434 
           -423.29509               5.86261            -417.43248             314.96444 
           -423.91190               6.76585            -417.14605             363.49028 
           -425.19655               7.98264            -417.21391             428.86196 
           -422.69598               5.73625            -416.95973             308.17611 
           -424.95286               7.82663            -417.12623             420.48043 
           -423.36130               6.29307            -417.06823             338.09088 
           -422.83705               5.91625            -416.92081             317.84616 
           -423.32774               6.83389            -416.49385             367.14589 
           -422.72990               6.11134            -416.61856             328.32733 
           -423.88005               7.33948            -416.54056             394.30861 
           -421.56937               4.84357            -416.72579             260.21754 
           -423.69769               6.86896            -416.82873             369.03009 
           -422.73964               6.27897            -416.46067             337.33298 
           -421.38772               5.17030            -416.21742             277.77068 
           -422.19639               6.19187            -416.00452             332.65373 
           -421.64450               5.61303            -416.03147             301.55628 
           -422.70844               6.94538            -415.76306             373.13559 
           -420.68152               5.34886            -415.33266             287.36351 
           -422.07812               6.74472            -415.33340             362.35523 
           -421.22469               5.85881            -415.36588             314.76018 
           -421.00478               5.77351            -415.23126             310.17793 
           -420.32260               5.24773            -415.07487             281.93078 
           -421.15047               6.30179            -414.84868             338.55945 
           -420.95306               6.54526            -414.40780             351.63969 
           -419.27109               5.30375            -413.96734             284.94017 
           -419.43888               5.17286            -414.26602             277.90849 
           -420.63596               6.51473            -414.12124             349.99905 
           -420.23630               6.03637            -414.19993             324.29952 
           -419.03958               5.10473            -413.93485             274.24828 
           -419.01486               5.06081            -413.95405             271.88854 
           -419.84224               6.24802            -413.59422             335.67049 
           -418.88811               5.46882            -413.41928             293.80873 
           -418.72536               5.55385            -413.17151             298.37691 
           -418.21581               5.04238            -413.17342             270.89852 
           -418.35897               5.30617            -413.05279             285.07029 
           -418.58568               5.44904            -413.13664             292.74575 
           -418.68288               5.75801            -412.92487             309.34477 
           -417.93717               5.21491            -412.72225             280.16752 
           -417.49546               5.32588            -412.16957             286.12918 
           -416.99721               4.98619            -412.01102             267.87956 
           -417.76861               5.56620            -412.20240             299.04042 
           -417.37858               5.30704            -412.07153             285.11724 
           -416.54139               4.84267            -411.69873             260.16886 
           -416.96633               4.98003            -411.98630             267.54881 
           -416.31120               4.26482            -412.04638             229.12420 
           -416.83401               4.64021            -412.19380             249.29195 
           -417.10002               5.18122            -411.91881             278.35733 
           -416.87484               5.10938            -411.76546             274.49798 
           -416.63236               4.58835            -412.04401             246.50597 
           -416.72656               4.71167            -412.01490             253.13109 
           -416.98181               4.72897            -412.25284             254.06060 
           -416.66574               4.73930            -411.92644             254.61536 
           -416.74294               4.59228            -412.15065             246.71726 
           -417.08748               4.87934            -412.20814             262.13895 
           -416.94717               4.68862            -412.25854             251.89299 
           -417.02683               4.66441            -412.36242             250.59191 
           -416.00819               4.56751            -411.44068             245.38647 
           -416.65530               5.18188            -411.47342             278.39267 
           -416.23440               4.87868            -411.35572             262.10360 
           -416.07068               4.72555            -411.34513             253.87683 
           -416.51721               5.00074            -411.51648             268.66115 
           -416.73280               5.07739            -411.65541             272.77913 
           -416.10154               4.69830            -411.40324             252.41305 
           -416.41134               4.43370            -411.97764             238.19759 
           -416.81316               4.76347            -412.04969             255.91415 
           -416.46531               4.63095            -411.83437             248.79431 
           -416.41280               4.53956            -411.87323             243.88490 
           -416.01804               4.42352            -411.59452             237.65050 
           -416.53732               4.98223            -411.55509             267.66653 
           -416.07757               4.46285            -411.61472             239.76329 
           -416.29795               4.52743            -411.77051             243.23312 
           -416.14822               4.55726            -411.59095             244.83572 
           -416.28737               4.68741            -411.59996             251.82786 
           -416.37476               4.58723            -411.78754             246.44549 
           -416.18810               4.66008            -411.52802             250.35945 
           -416.36059               4.63540            -411.72519             249.03381 
           -416.34792               4.28487            -412.06305             230.20166 
           -416.66144               4.58967            -412.07177             246.57688 
           -417.07618               4.86807            -412.20810             261.53386 
           -416.22301               4.03181            -412.19120             216.60623 
           -416.30294               4.19363            -412.10931             225.29977 
           -416.32055               4.41131            -411.90924             236.99441 
           -416.33194               4.46706            -411.86488             239.98956 
           -416.61888               4.69251            -411.92638             252.10165 
           -416.20884               4.16380            -412.04505             223.69695 
           -416.77534               4.40294            -412.37240             236.54482 
           -417.06102               4.50572            -412.55530             242.06661 
           -416.88179               4.22738            -412.65441             227.11290 
           -416.50177               3.53411            -412.96766             189.86772 
           -417.03232               4.12910            -412.90321             221.83307 
           -417.36201               4.37232            -412.98970             234.89956 
           -416.51011               4.05159            -412.45853             217.66869 
           -416.96319               4.24854            -412.71465             228.24960 
           -416.94203               4.25519            -412.68684             228.60692 
           -417.15553               4.42996            -412.72557             237.99670 
           -417.25120               4.30790            -412.94329             231.43906 
           -416.94604               3.75897            -413.18707             201.94824 
           -417.81972               4.50798            -413.31174             242.18803 
           -416.80436               3.55773            -413.24663             191.13640 
           -416.82577               3.54423            -413.28154             190.41118 
           -417.27958               4.14446            -413.13512             222.65803 
           -417.53348               4.58813            -412.94535             246.49402 
           -417.40555               4.15469            -413.25086             223.20757 
           -418.21635               4.70406            -413.51229             252.72226 
           -417.79852               3.90340            -413.89512             209.70725 
           -417.85385               3.92153            -413.93232             210.68138 
           -417.97963               3.79022            -414.18941             203.62684 
           -417.50537               3.80165            -413.70373             204.24087 
           -417.96879               4.04846            -413.92033             217.50051 
           -418.13731               4.13694            -414.00037             222.25421 
           -418.20036               4.11502            -414.08534             221.07633 
           -418.33249               4.04259            -414.28990             217.18506 
           -418.57998               4.24037            -414.33961             227.81112 
           -418.58174               4.53408            -414.04766             243.59042 
           -418.41593               4.33589            -414.08004             232.94273 
           -419.06019               4.73527            -414.32491             254.39925 
           -419.49242               4.82106            -414.67137             259.00780 
           -419.31106               4.10098            -415.21008             220.32206 
           -419.32272               4.37506            -414.94766             235.04709 
           -419.84845               4.55640            -415.29205             244.78922 
           -420.28355               4.31126            -415.97229             231.61925 
           -420.15795               4.14359            -416.01436             222.61170 
           -420.72715               4.38919            -416.33795             235.80628 
           -421.31606               4.54291            -416.77314             244.06467 
           -421.50506               4.27891            -417.22615             229.88140 
           -421.60935               4.33000            -417.27935             232.62624 
           -421.70858               4.53444            -417.17414             243.60981 
           -421.42638               4.29721            -417.12917             230.86431 
           -421.91953               4.69624            -417.22329             252.30228 
           -422.48380               4.71746            -417.76634             253.44240 
           -422.21542               4.24510            -417.97032             228.06485 
           -423.10615               5.42853            -417.67762             291.64404 
           -422.71274               4.72092            -417.99182             253.62801 
           -423.07867               4.76849            -418.31017             256.18381 
           -422.78280               4.17833            -418.60447             224.47790 
           -423.39321               4.48381            -418.90939             240.88960 
           -423.39684               4.54470            -418.85214             244.16068 
           -423.82065               4.73361            -419.08704             254.30993 
           -424.39544               5.08542            -419.31002             273.21083 
           -423.97274               4.67399            -419.29875             251.10674 
           -424.61982               5.20268            -419.41713             279.51048 
           -424.74812               5.02191            -419.72621             269.79872 
           -424.85385               5.03468            -419.81917             270.48445 
           -424.95942               4.71792            -420.24150             253.46705 
           -425.35541               4.73440            -420.62100             254.35239 
           -425.12992               4.55528            -420.57463             244.72942 
           -425.67133               4.90814            -420.76319             263.68610 
           -426.12522               5.28824            -420.83697             284.10710 
           -426.04367               5.23828            -420.80539             281.42286 
           -425.59697               4.82953            -420.76743             259.46317 
           -425.82262               4.93415            -420.88847             265.08380 
           -425.77796               4.72567            -421.05229             253.88329 
           -426.58184               5.26209            -421.31975             282.70193 
           -426.40102               4.84657            -421.55445             260.37860 
           -426.78798               5.15800            -421.62998             277.10965 
           -427.18913               4.98449            -422.20465             267.78811 
           -427.06486               4.67135            -422.39351             250.96477 
           -427.56154               5.15294            -422.40860             276.83830 
           -427.53122               5.09791            -422.43331             273.88170 
           -427.39403               4.92114            -422.47288             264.38494 
           -427.67726               5.07062            -422.60664             272.41566 
           -427.49092               4.98987            -422.50105             268.07731 
           -427.70135               4.97001            -422.73134             267.01020 
           -427.84883               4.86649            -422.98234             261.44895 
           -427.97792               4.76487            -423.21304             255.98939 
           -428.04285               4.76974            -423.27311             256.25093 
           -428.74706               4.90631            -423.84075             263.58808 
           -429.10396               4.93476            -424.16920             265.11625 
           -428.66597               4.38690            -424.27907             235.68305 
           -429.15385               4.43613            -424.71772             238.32808 
           -429.11626               4.43109            -424.68517             238.05701 
           -429.42004               4.66014            -424.75990             250.36260 
           -428.98880               4.55647            -424.43233             244.79301 
           -429.23030               4.74288            -424.48742             254.80790 
           -429.48816               4.87433            -424.61383             261.86976 
           -429.30338               4.45852            -424.84486             239.53063 
           -429.34320               4.22043            -425.12277             226.73953 
           -429.71817               4.54820            -425.16997             244.34875 
           -429.96032               4.99926            -424.96106             268.58173 
           -429.82625               4.93293            -424.89332             265.01818 
           -430.29063               4.78628            -425.50436             257.13925 
           -429.93052               4.00967            -425.92085             215.41680 
           -430.28061               4.33256            -425.94805             232.76347 
           -430.46452               4.82425            -425.64027             259.17958 
           -429.67031               4.15710            -425.51321             223.33725 
           -429.92361               4.60410            -425.31951             247.35197 
           -430.21080               4.68604            -425.52476             251.75399 
           -430.33869               4.63021            -425.70847             248.75495 
           -430.12161               4.24622            -425.87539             228.12543 
           -430.45464               4.49203            -425.96261             241.33114 
           -430.64940               4.37284            -426.27655             234.92793 
           -430.38927               4.00786            -426.38141             215.31927 
           -430.08170               3.92392            -426.15779             210.80957 
           -430.58853               4.56216            -426.02636             245.09899 
           -430.72586               4.66480            -426.06107             250.61287 
           -430.44269               4.84402            -425.59867             260.24156 
           -430.28313               4.83566            -425.44747             259.79239 
           -429.95986               4.34183            -425.61803             233.26177 
           -430.10522               4.55754            -425.54768             244.85050 
           -430.08158               4.77353            -425.30805             256.45458 
           -429.91300               4.66311            -425.24989             250.52240 
           -430.55279               5.40442            -425.14837             290.34869 
           -429.48599               4.30065            -425.18534             231.04935 
           -429.86984               4.78481            -425.08503             257.06058 
           -430.23103               4.97784            -425.25319             267.43109 
           -430.26547               5.16075            -425.10472             277.25781 
           -430.15385               4.62996            -425.52389             248.74154 
           -430.08080               4.54104            -425.53976             243.96411 
           -430.11815               4.64505            -425.47310             249.55220 
           -429.78440               4.43878            -425.34561             238.47059 
           -429.69500               4.15061            -425.54439             222.98871 
           -430.01400               4.53353            -425.48047             243.56057 
           -429.51802               4.24707            -425.27095             228.17072 
           -429.61011               4.30445            -425.30566             231.25363 
           -429.62997               4.50526            -425.12472             242.04167 
           -429.29771               4.13552            -425.16219             222.17794 
           -429.45343               4.47899            -424.97444             240.63032 
           -429.58219               4.72074            -424.86145             253.61856 
           -428.97692               4.31446            -424.66246             231.79127 
           -429.38688               4.85822            -424.52865             261.00468 
           -429.34466               4.76891            -424.57575             256.20620 
           -428.83600               4.25680            -424.57920             228.69380 
           -428.43974               3.78746            -424.65228             203.47843 
           -428.73662               3.91959            -424.81703             210.57695 
           -428.72803               3.78198            -424.94605             203.18400 
           -428.90931               4.44555            -424.46376             238.83406 
           -428.91570               4.40993            -424.50578             236.92014 
           -428.42065               4.10670            -424.31395             220.62978 
           -428.40660               4.23460            -424.17200             227.50072 
           -428.45978               4.36315            -424.09664             234.40691 
           -428.54859               4.59084            -423.95775             246.63975 
           -427.59392               3.99720            -423.59672             214.74696 
           -428.01784               4.65101            -423.36683             249.87239 
           -427.69298               4.45698            -423.23601             239.44785 
           -427.73499               4.94447            -422.79052             265.63798 
           -427.46863               4.94433            -422.52429             265.63068 
           -427.12107               4.91003            -422.21104             263.78779 
           -426.63397               4.32968            -422.30430             232.60881 
           -426.19817               3.93289            -422.26528             211.29148 
           -426.91066               4.90071            -422.00995             263.28712 
           -426.55087               4.43403            -422.11684             238.21530 
           -425.91797               4.13364            -421.78432             222.07711 
           -426.25652               4.60842            -421.64809             247.58438 
           -425.78051               4.23239            -421.54812             227.38199 
           -425.71435               4.37366            -421.34069             234.97193 
           -425.46572               4.24623            -421.21949             228.12566 
           -425.67907               4.63130            -421.04776             248.81338 
           -425.45849               4.49940            -420.95909             241.72700 
           -424.62765               3.76132            -420.86634             202.07401 
           -424.32282               3.93270            -420.39012             211.28134 
           -424.60263               4.34808            -420.25455             233.59760 
           -423.97875               4.05255            -419.92620             217.72059 
           -423.85495               4.25835            -419.59661             228.77662 
           -423.91907               4.28091            -419.63816             229.98900 
           -423.75452               4.30553            -419.44899             231.31142 
           -423.58289               4.56020            -419.02269             244.99355 
           -422.67808               3.95322            -418.72486             212.38375 
           -422.75227               4.50815            -418.24412             242.19740 
           -422.67660               4.66912            -418.00747             250.84541 
           -421.71260               4.11076            -417.60184             220.84761 
           -422.02838               4.56249            -417.46589             245.11651 
           -421.59506               4.58026            -417.01480             246.07130 
           -421.73070               4.90239            -416.82831             263.37734 
           -421.05950               4.68028            -416.37922             251.44475 
           -420.90667               4.67845            -416.22822             251.34643 
           -419.70831               3.92638            -415.78193             210.94173 
           -420.35790               4.94815            -415.40975             265.83568 
           -419.97862               4.46163            -415.51700             239.69773 
           -420.05418               4.81003            -415.24415             258.41557 
           -419.92832               4.91811            -415.01021             264.22182 
           -419.41851               4.61456            -414.80395             247.91389 
           -419.98254               5.05735            -414.92519             271.70271 
           -419.30008               4.70456            -414.59552             252.74926 
           -419.07753               4.55729            -414.52024             244.83710 
           -418.29181               3.92524            -414.36658             210.88057 
           -418.84083               4.82762            -414.01321             259.36027 
           -418.27136               4.47500            -413.79636             240.41603 
           -418.24322               4.44610            -413.79712             238.86349 
           -417.60844               4.14172            -413.46672             222.51106 
           -417.67714               4.45433            -413.22281             239.30582 
           -417.35966               4.43660            -412.92306             238.35333 
           -417.27793               4.31248            -412.96545             231.68509 
           -417.85171               4.66042            -413.19130             250.37762 
           -417.28779               4.38047            -412.90732             235.33762 
           -416.97812               4.11090            -412.86722             220.85537 
           -417.08504               4.49299            -412.59205             241.38297 
           -417.72356               4.99440            -412.72916             268.32074 
           -417.16528               4.63488            -412.53040             249.00564 
           -416.34298               4.03992            -412.30307             217.04163 
           -416.61790               4.40556            -412.21234             236.68539 
           -416.62962               4.52127            -412.10835             242.90186 
           -416.61293               4.72343            -411.88949             253.76302 
           -416.22688               4.35084            -411.87604             233.74561 
           -416.69757               4.80057            -411.89700             257.90749 
           -417.10177               5.06031            -412.04146             271.86154 
           -416.76034               4.91939            -411.84095             264.29077 
           -416.46098               4.62981            -411.83117             248.73353 
           -416.39297               4.62140            -411.77157             248.28142 
           -416.13073               4.72743            -411.40330             253.97806 
           -416.08118               4.74416            -411.33702             254.87647 
           -415.63880               4.03154            -411.60727             216.59140 
           -416.30836               4.66874            -411.63962             250.82481 
           -416.02844               4.77572            -411.25272             256.57231 
           -416.25036               4.89204            -411.35832             262.82124 
           -416.12403               4.92791            -411.19612             264.74836 
           -416.21925               5.03912            -411.18013             270.72316 
           -416.39125               5.28789            -411.10336             284.08831 
           -415.95661               4.61368            -411.34293             247.86676 
           -416.23096               4.96317            -411.26780             266.64261 
           -415.85995               4.67695            -411.18300             251.26580 
           -416.08026               5.05961            -411.02065             271.82379 
           -415.90811               4.81181            -411.09629             258.51127 
           -415.67830               4.59015            -411.08815             246.60265 
           -416.08231               5.18060            -410.90172             278.32387 
           -415.72172               5.11307            -410.60865             274.69626 
           -415.53315               4.86964            -410.66351             261.61809 
           -415.85601               4.96156            -410.89445             266.55646 
           -415.37063               4.36480            -411.00583             234.49580 
           -415.64142               4.43924            -411.20218             238.49515 
           -416.36282               5.28416            -411.07866             283.88780 
           -416.36433               4.49115            -411.87318             241.28403 
           -416.01503               4.05188            -411.96316             217.68421 
           -416.78131               4.47334            -412.30798             240.32679 
           -416.84192               4.38039            -412.46153             235.33363 
           -416.71498               4.41128            -412.30369             236.99313 
           -416.29279               4.01940            -412.27339             215.93926 
           -416.49988               4.64161            -411.85827             249.36711 
           -416.55070               4.55360            -411.99710             244.63913 
           -416.91405               4.80076            -412.11329             257.91730 
           -416.75297               4.57060            -412.18237             245.55230 
           -416.75483               4.36102            -412.39380             234.29288 
           -416.83879               4.40482            -412.43398             236.64573 
           -416.87212               4.65607            -412.21604             250.14424 
           -416.12281               4.25577            -411.86704             228.63822 
           -416.08626               4.24483            -411.84143             228.05061 
           -416.41451               4.24532            -412.16919             228.07683 
           -416.47906               4.55366            -411.92540             244.64222 
           -416.86838               4.73678            -412.13161             254.47991 
           -416.88028               4.51206            -412.36821             242.40749 
           -416.95811               4.29571            -412.66240             230.78387 
           -417.03853               4.27481            -412.76372             229.66129 
           -416.67963               4.22761            -412.45202             227.12532 
           -416.72810               4.31651            -412.41159             231.90123 
           -417.28632               4.72696            -412.55936             253.95237 
           -417.52187               4.57923            -412.94265             246.01568 
           -418.09833               4.34641            -413.75192             233.50781 
           -417.84343               4.42414            -413.41928             237.68393 
           -418.23114               4.47045            -413.76069             240.17182 
           -417.73995               3.87329            -413.86667             208.08955 
           -418.18546               3.93397            -414.25149             211.34958 
           -418.49493               4.11178            -414.38315             220.90251 
           -418.61233               4.15543            -414.45690             223.24754 
           -418.51081               4.14695            -414.36385             222.79207 
           -419.08818               4.14414            -414.94404             222.64097 
           -419.28454               4.26249            -415.02205             228.99942 
           -419.35355               4.07225            -415.28131             218.77867 
           -419.12509               3.83382            -415.29127             205.96920 
           -420.30330               4.77094            -415.53236             256.31543 
           -420.13955               4.73714            -415.40240             254.49967 
           -420.39900               4.55266            -415.84634             244.58848 
           -420.50363               4.46438            -416.03924             239.84591 
           -420.52155               4.27240            -416.24915             229.53156 
           -420.61143               4.31999            -416.29144             232.08854 
           -421.19418               4.66165            -416.53254             250.44364 
           -421.51514               4.69956            -416.81558             252.48048 
           -421.00333               3.97499            -417.02834             213.55375 
           -421.74046               4.47310            -417.26737             240.31389 
           -422.02276               4.50316            -417.51960             241.92899 
           -421.83342               4.48526            -417.34816             240.96757 
           -422.27767               4.39143            -417.88624             235.92668 
           -423.06196               5.18508            -417.87687             278.56489 
           -422.98587               4.93313            -418.05274             265.02904 
           -423.20199               4.62729            -418.57470             248.59809 
           -423.47830               4.72554            -418.75276             253.87622 
           -422.85663               4.00564            -418.85099             215.19994 
           -424.24345               4.70826            -419.53519             252.94808 
           -424.71343               4.89910            -419.81433             263.20069 
           -424.61382               4.45602            -420.15781             239.39628 
           -424.63757               4.15374            -420.48383             223.15690 
           -424.98296               4.41157            -420.57139             237.00858 
           -425.05724               4.37891            -420.67833             235.25394 
           -425.54469               4.44783            -421.09687             238.95635 
           -425.45217               4.40576            -421.04641             236.69652 
           -425.69449               4.72855            -420.96594             254.03809 
           -425.97229               4.65572            -421.31657             250.12521 
           -425.98245               4.61594            -421.36652             247.98788 
           -425.93922               4.28849            -421.65073             230.39600 
           -426.35992               4.44833            -421.91158             238.98365 
           -426.73404               4.51471            -422.21933             242.54950 
           -427.03019               4.55619            -422.47400             244.77791 
           -427.04288               4.31772            -422.72516             231.96647 
           -427.76861               4.90769            -422.86092             263.66239 
           -426.83295               4.07905            -422.75390             219.14397 
           -427.36555               4.36501            -423.00054             234.50712 
           -427.59710               4.52264            -423.07446             242.97553 
           -427.53921               4.28341            -423.25580             230.12321 
           -427.56659               4.14791            -423.41868             222.84359 
           -427.77414               3.81608            -423.95806             205.01616 
           -428.42599               4.47759            -423.94840             240.55548 
           -428.47755               4.03468            -424.44288             216.76012 
           -429.23168               4.31644            -424.91524             231.89775 
           -429.06677               3.97080            -425.09597             213.32854 
           -429.53727               4.06104            -425.47623             218.17652 
           -429.70968               4.35026            -425.35943             233.71451 
           -429.75011               3.88054            -425.86957             208.47937 
           -429.57031               3.69225            -425.87806             198.36354 
           -430.24513               4.05015            -426.19497             217.59159 
           -429.75646               3.80261            -425.95385             204.29259 
           -430.36721               4.29082            -426.07639             230.52120 
           -430.37188               4.42044            -425.95144             237.48488 
           -430.25224               4.28509            -425.96714             230.21362 
           -430.13532               4.63203            -425.50329             248.85258 
           -429.61832               4.09235            -425.52598             219.85839 
           -430.01590               4.48811            -425.52779             241.12061 
           -430.03011               4.50038            -425.52973             241.77984 
           -430.28419               4.78042            -425.50377             256.82445 
           -430.03273               4.23305            -425.79967             227.41782 
           -430.28891               4.43364            -425.85527             238.19406 
           -430.48310               4.43729            -426.04581             238.39037 
           -430.67390               4.54427            -426.12963             244.13757 
           -430.23531               3.96637            -426.26894             213.09034 
           -430.46015               4.19511            -426.26504             225.37949 
           -430.44795               4.05116            -426.39680             217.64545 
           -430.42998               3.96770            -426.46229             213.16171 
           -430.86346               4.26083            -426.60263             228.90987 
           -430.74443               4.12759            -426.61683             221.75205 
           -430.94675               4.48941            -426.45734             241.19033 
           -430.45204               4.12022            -426.33182             221.35612 
           -430.55880               4.16425            -426.39456             223.72113 
           -430.37356               4.09902            -426.27454             220.21670 
           -430.60622               4.46655            -426.13966             239.96244 
           -430.79120               4.48092            -426.31027             240.73438 
           -430.79237               4.24241            -426.54996             227.92064 
           -430.97071               4.30990            -426.66081             231.54644 
           -431.01801               4.06901            -426.94899             218.60492 
           -430.91152               4.21097            -426.70055             226.23123 
           -430.74960               4.27008            -426.47952             229.40728 
           -430.67548               4.09894            -426.57655             220.21254 
           -430.92844               4.68949            -426.23895             251.93960 
           -430.96244               4.61366            -426.34878             247.86554 
           -430.76716               4.68471            -426.08245             251.68250 
           -430.30694               4.23939            -426.06755             227.75841 
           -430.56583               4.09940            -426.46643             220.23722 
           -430.81848               4.48832            -426.33017             241.13158 
           -430.37636               4.08573            -426.29064             219.50284 
           -430.64436               4.38828            -426.25608             235.75734 
           -430.50519               4.19640            -426.30879             225.44870 
           -430.10744               3.93500            -426.17244             211.40511 
           -430.00128               4.06321            -425.93807             218.29305 
           -430.01845               4.08077            -425.93768             219.23663 
           -430.46603               4.25577            -426.21026             228.63835 
           -430.05629               4.05318            -426.00311             217.75405 
           -430.15701               4.21294            -425.94406             226.33736 
           -430.07300               4.16681            -425.90620             223.85884 
           -430.13344               4.38434            -425.74910             235.54546 
           -430.03201               4.49621            -425.53579             241.55581 
           -429.56446               3.91882            -425.64564             210.53606 
           -430.11873               4.23049            -425.88825             227.27985 
           -429.88853               3.79252            -426.09600             203.75072 
           -429.78680               3.98012            -425.80668             213.82922 
           -428.98638               3.56998            -425.41640             191.79483 
           -429.34006               3.96620            -425.37386             213.08150 
           -429.19768               4.29236            -424.90532             230.60396 
           -428.83027               4.28350            -424.54677             230.12812 
           -428.46638               4.26232            -424.20407             228.99005 
           -428.55707               4.26185            -424.29523             228.96464 
           -428.64096               4.58554            -424.05542             246.35501 
           -428.21487               4.30722            -423.90765             231.40236 
           -427.55833               3.76251            -423.79582             202.13806 
           -428.31419               4.82022            -423.49396             258.96314 
           -428.20416               4.68350            -423.52067             251.61754 
           -428.14713               4.70714            -423.43999             252.88777 
           -427.70844               4.69861            -423.00984             252.42933 
           -427.65216               4.67682            -422.97534             251.25882 
           -427.03590               4.52544            -422.51046             243.12591 
           -426.76296               4.16168            -422.60129             223.58309 
           -426.53901               4.23410            -422.30491             227.47413 
           -426.73650               4.39113            -422.34537             235.91020 
           -426.67165               4.53597            -422.13569             243.69157 
           -426.08461               4.08541            -421.99920             219.48558 
           -426.05638               4.31374            -421.74264             231.75255 
           -425.44828               3.83501            -421.61327             206.03312 
           -425.73870               4.05997            -421.67873             218.11920 
           -425.60369               4.11666            -421.48703             221.16460 
           -425.60545               4.45460            -421.15085             239.32009 
           -425.39039               4.31581            -421.07458             231.86391 
           -424.83964               3.99205            -420.84758             214.47026 
           -424.82089               4.34953            -420.47136             233.67535 
           -424.20379               3.96703            -420.23675             213.12610 
           -424.40266               4.52661            -419.87605             243.18906 
           -423.75403               3.98033            -419.77371             213.84022 
           -423.55198               4.14817            -419.40380             222.85765 
           -423.70237               4.39048            -419.31189             235.87568 
           -422.87129               3.88343            -418.98785             208.63472 
           -423.23365               4.35188            -418.88176             233.80193 
           -422.82059               4.16994            -418.65065             224.02686 
           -422.62130               4.17337            -418.44793             224.21133 
           -422.06654               3.66783            -418.39871             197.05155 
           -422.05558               4.17925            -417.87633             224.52739 
           -421.62188               3.88363            -417.73825             208.64515 
           -421.21507               3.92768            -417.28740             211.01174 
           -421.42423               4.24251            -417.18172             227.92588 
           -421.55390               4.15941            -417.39450             223.46117 
           -421.09326               3.86639            -417.22687             207.71912 
           -421.30401               4.27700            -417.02700             229.77906 
           -421.04415               4.07689            -416.96727             219.02789 
           -420.70522               4.11260            -416.59262             220.94672 
           -420.18142               3.99461            -416.18680             214.60776 
           -420.08249               4.02092            -416.06156             216.02116 
           -419.83794               4.32183            -415.51611             232.18738 
           -419.95182               4.60094            -415.35088             247.18228 
           -419.19842               4.18919            -415.00923             225.06130 
           -419.52829               4.54597            -414.98232             244.22928 
           -419.10239               4.46384            -414.63856             239.81655 
           -418.41700               4.19670            -414.22030             225.46453 
           -417.87589               4.10226            -413.77363             220.39122 
           -418.02867               4.34164            -413.68704             233.25131 
           -418.25563               4.86956            -413.38607             261.61356 
           -417.69359               4.65564            -413.03796             250.12073 
           -417.48341               4.64765            -412.83576             249.69176 
           -417.37126               4.46274            -412.90851             239.75757 
           -417.02698               4.33921            -412.68777             233.12102 
           -417.10553               4.41650            -412.68903             237.27313 
           -417.45198               4.82432            -412.62766             259.18337 
           -417.22550               4.96651            -412.25899             266.82226 
           -416.53508               4.30365            -412.23142             231.21075 
           -416.49210               4.25332            -412.23878             228.50643 
           -416.85230               4.28999            -412.56231             230.47663 
