           -632.06884              30.09711            -601.97172            1616.94621 
           -631.83220              26.26878            -605.56342            1411.27163 
           -625.52067              18.12835            -607.39232             973.93255 
           -630.58037              20.30317            -610.27720            1090.77341 
           -635.01059              22.50062            -612.50997            1208.82968 
           -632.82013              18.38508            -614.43505             987.72537 
           -632.75998              16.34604            -616.41394             878.17965 
           -631.95891              14.57064            -617.38827             782.79749 
           -638.48329              19.85205            -618.63123            1066.53762 
           -636.60206              16.29543            -620.30663             875.46033 
           -631.77189              10.00448            -621.76741             537.48365 
           -638.89138              16.23436            -622.65702             872.17945 
           -639.48225              16.55895            -622.92331             889.61764 
           -633.55988               9.79733            -623.76254             526.35487 
           -636.66439              12.37986            -624.28452             665.09947 
           -640.01947              14.55719            -625.46228             782.07489 
           -639.32761              12.87204            -626.45557             691.54137 
           -637.61449              10.39782            -627.21667             558.61566 
           -637.94524               9.59538            -628.34986             515.50526 
           -643.19445              14.25845            -628.93600             766.02507 
           -642.88508              13.20856            -629.67652             709.62075 
           -636.38729               6.93907            -629.44822             372.79653 
           -640.92870              10.49855            -630.43015             564.02742 
           -642.75421              11.50680            -631.24741             618.19477 
           -640.59832               9.27177            -631.32655             498.11941 
           -640.00700               7.92703            -632.07997             425.87411 
           -640.91104               8.67643            -632.23461             466.13512 
           -644.68119              11.97180            -632.70939             643.17656 
           -642.37915               9.29827            -633.08088             499.54314 
           -639.15660               5.99988            -633.15672             322.33929 
           -643.84530              10.30238            -633.54292             553.48820 
           -644.70694              10.87831            -633.82862             584.42969 
           -640.37643               6.31078            -634.06566             339.04195 
           -640.33846               5.98025            -634.35821             321.28495 
           -642.20184               7.69960            -634.50224             413.65548 
           -644.44073               9.79297            -634.64776             526.12049 
           -641.61553               6.96820            -634.64733             374.36154 
           -640.18151               5.36081            -634.82070             288.00590 
           -644.09771               9.19644            -634.90128             494.07201 
           -644.69550               9.65227            -635.04323             518.56145 
           -640.54193               5.38875            -635.15318             289.50688 
           -640.99138               5.95240            -635.03898             319.78867 
           -643.39085               8.28846            -635.10239             445.29177 
           -642.79851               7.78464            -635.01386             418.22450 
           -641.33187               6.21954            -635.11233             334.14032 
           -640.53976               5.36104            -635.17872             288.01814 
           -644.50965               9.36201            -635.14764             502.96761 
           -642.72663               7.81614            -634.91049             419.91668 
           -639.74204               4.77285            -634.96919             256.41787 
           -641.88212               7.13373            -634.74839             383.25455 
           -643.27183               8.72695            -634.54489             468.84907 
           -641.17856               6.84867            -634.32990             367.93971 
           -639.37785               5.20743            -634.17043             279.76536 
           -641.24792               7.15735            -634.09057             384.52369 
           -642.08547               8.24423            -633.84124             442.91562 
           -640.75693               7.08177            -633.67516             380.46305 
           -638.60885               5.01586            -633.59300             269.47342 
           -641.49211               8.13440            -633.35771             437.01483 
           -641.05525               8.39121            -632.66404             450.81195 
           -638.16798               5.52326            -632.64472             296.73343 
           -639.60624               6.37132            -633.23492             342.29468 
           -640.70273               7.40403            -633.29870             397.77628 
           -639.96645               6.88072            -633.08573             369.66183 
           -638.07604               5.36097            -632.71507             288.01446 
           -638.84522               6.06109            -632.78413             325.62789 
           -640.33279               7.30790            -633.02489             392.61171 
           -639.46682               6.46923            -632.99759             347.55498 
           -637.66135               4.61326            -633.04809             247.84425 
           -639.44109               6.42583            -633.01526             345.22318 
           -640.21428               7.12608            -633.08820             382.84361 
           -637.55806               4.78071            -632.77735             256.84014 
           -638.42413               5.81434            -632.60979             312.37129 
           -639.63249               6.92425            -632.70824             372.00021 
           -637.69768               5.04459            -632.65310             271.01693 
           -637.29048               4.73886            -632.55162             254.59213 
           -638.05415               5.79729            -632.25686             311.45519 
           -638.46165               6.12859            -632.33306             329.25428 
           -636.35615               4.20980            -632.14635             226.16841 
           -636.65343               4.89527            -631.75816             262.99510 
           -638.39811               6.70807            -631.69004             360.38617 
           -637.30264               5.49668            -631.80596             295.30521 
           -635.93254               4.29551            -631.63703             230.77318 
           -636.93818               5.49963            -631.43855             295.46360 
           -637.20730               6.15398            -631.05331             330.61841 
           -635.10551               4.13851            -630.96701             222.33838 
           -636.18826               5.44636            -630.74190             292.60198 
           -636.76519               6.08082            -630.68438             326.68751 
           -634.71411               4.18039            -630.53372             224.58838 
           -635.21411               5.12449            -630.08963             275.30943 
           -635.30156               5.41911            -629.88245             291.13802 
           -634.54623               4.50816            -630.03807             242.19763 
           -635.00975               5.39758            -629.61217             289.98109 
           -634.93159               5.15372            -629.77787             276.87979 
           -633.30583               3.84659            -629.45925             206.65524 
           -634.70962               5.22188            -629.48774             280.54164 
           -634.57976               5.37600            -629.20376             288.82187 
           -633.48801               3.96989            -629.51812             213.27940 
           -634.17469               4.81642            -629.35826             258.75896 
           -633.67959               5.19911            -628.48048             279.31875 
           -632.70346               4.56917            -628.13429             245.47544 
           -633.29007               5.11903            -628.17103             275.01653 
           -632.21018               4.36261            -627.84756             234.37835 
           -632.24226               5.09227            -627.14999             273.57875 
           -631.71322               4.59430            -627.11892             246.82543 
           -631.48829               4.57583            -626.91246             245.83341 
           -631.54755               4.63277            -626.91478             248.89244 
           -630.95916               4.32989            -626.62927             232.62039 
           -630.88900               4.51918            -626.36981             242.78981 
           -630.80445               4.63434            -626.17011             248.97650 
           -630.69792               4.82982            -625.86810             259.47853 
           -629.96103               4.23302            -625.72801             227.41578 
           -629.86625               4.42359            -625.44266             237.65423 
           -630.10355               4.64868            -625.45487             249.74710 
           -629.43927               4.17534            -625.26392             224.31742 
           -629.41521               4.62939            -624.78581             248.71093 
           -629.22569               4.72380            -624.50189             253.78306 
           -628.88938               4.57021            -624.31918             245.53115 
           -628.92028               4.80410            -624.11618             258.09674 
           -629.05031               4.73375            -624.31656             254.31722 
           -628.60474               4.63716            -623.96758             249.12836 
           -628.11447               4.31189            -623.80258             231.65299 
           -628.62739               4.96926            -623.65813             266.97019 
           -628.22089               4.31808            -623.90281             231.98602 
           -628.93776               5.17008            -623.76769             277.75869 
           -628.11227               4.45238            -623.65989             239.20105 
           -628.27964               5.07240            -623.20724             272.51120 
           -627.80167               4.45323            -623.34844             239.24645 
           -627.60337               4.06037            -623.54300             218.14052 
           -628.27560               4.39572            -623.87988             236.15690 
           -628.48103               4.90032            -623.58071             263.26617 
           -627.67007               3.96106            -623.70901             212.80517 
           -627.18301               3.84181            -623.34120             206.39837 
           -627.90285               4.69700            -623.20585             252.34289 
           -627.45843               4.46034            -622.99809             239.62884 
           -627.72312               4.32844            -623.39468             232.54259 
           -627.89116               4.73757            -623.15359             254.52279 
           -627.23908               4.11733            -623.12175             221.20062 
           -627.70377               4.53259            -623.17118             243.51021 
           -627.30585               4.26875            -623.03710             229.33574 
           -627.65784               4.54466            -623.11317             244.15887 
           -627.63793               4.53868            -623.09925             243.83743 
           -627.41534               4.42011            -622.99524             237.46702 
           -626.92161               3.92066            -623.00096             210.63457 
           -627.47689               4.53238            -622.94451             243.49877 
           -627.19711               4.24662            -622.95050             228.14647 
           -627.17359               4.38153            -622.79206             235.39447 
           -626.95246               4.06985            -622.88261             218.64964 
           -627.74527               4.91152            -622.83374             263.86820 
           -627.04738               4.39206            -622.65532             235.96030 
           -626.89116               4.20176            -622.68941             225.73636 
           -627.32276               4.22410            -623.09867             226.93667 
           -627.10167               4.08879            -623.01288             219.66736 
           -627.12676               4.32454            -622.80221             232.33309 
           -626.96290               4.60751            -622.35539             247.53518 
           -627.00834               4.66546            -622.34287             250.64864 
           -626.84153               4.63063            -622.21089             248.77756 
           -626.85972               4.62356            -622.23616             248.39770 
           -626.54946               4.07329            -622.47617             218.83441 
           -627.19499               4.83433            -622.36065             259.72116 
           -626.45115               4.30227            -622.14888             231.13663 
           -627.02510               4.71681            -622.30829             253.40734 
           -626.38714               4.32392            -622.06323             232.29943 
           -626.94859               4.63124            -622.31735             248.80987 
           -627.18563               4.89219            -622.29343             262.82967 
           -627.07137               4.71004            -622.36133             253.04339 
           -626.94634               4.72297            -622.22337             253.73829 
           -626.63843               4.37258            -622.26586             234.91357 
           -626.70446               4.22551            -622.47895             227.01245 
           -626.96030               4.35513            -622.60517             233.97641 
           -626.71533               4.05211            -622.66322             217.69699 
           -626.68170               4.26167            -622.42003             228.95505 
           -626.39231               3.83244            -622.55987             205.89502 
           -626.89149               4.01984            -622.87164             215.96324 
           -626.72587               4.19296            -622.53292             225.26360 
           -627.07425               4.44050            -622.63375             238.56273 
           -627.14527               4.28868            -622.85659             230.40624 
           -627.62405               4.58716            -623.03689             246.44205 
           -627.18453               4.12313            -623.06140             221.51220 
           -627.41637               4.63804            -622.77833             249.17540 
           -627.24620               4.06246            -623.18374             218.25275 
           -627.27794               3.96472            -623.31322             213.00169 
           -627.38265               3.88258            -623.50006             208.58891 
           -627.45460               4.12832            -623.32629             221.79093 
           -627.12929               4.06244            -623.06685             218.25197 
           -627.53629               4.67606            -622.86023             251.21804 
           -627.07979               4.28445            -622.79534             230.17905 
           -627.32160               4.29237            -623.02924             230.60435 
           -627.38548               4.06487            -623.32061             218.38230 
           -627.78780               4.48481            -623.30298             240.94340 
           -626.89710               4.00356            -622.89354             215.08866 
           -627.46503               4.94496            -622.52007             265.66451 
           -626.75970               4.06810            -622.69160             218.55573 
           -627.64377               4.47328            -623.17049             240.32395 
           -627.74933               4.60470            -623.14463             247.38417 
           -627.35345               4.02371            -623.32974             216.17108 
           -627.59410               4.38874            -623.20537             235.78176 
           -627.53413               4.34476            -623.18937             233.41920 
           -627.78030               4.28991            -623.49039             230.47215 
           -627.75255               3.91807            -623.83448             210.49544 
           -627.94736               4.00577            -623.94159             215.20720 
           -627.98545               4.18715            -623.79830             224.95157 
           -627.98011               4.46568            -623.51443             239.91560 
           -627.84203               4.49596            -623.34607             241.54232 
           -627.95058               4.45878            -623.49179             239.54507 
           -627.62878               4.18318            -623.44560             224.73820 
           -627.89364               4.50717            -623.38648             242.14431 
           -628.20050               5.01955            -623.18095             269.67169 
           -627.70476               4.37669            -623.32807             235.13452 
           -628.39087               4.92814            -623.46273             264.76107 
           -627.64778               3.82495            -623.82283             205.49261 
           -628.57077               4.57920            -623.99157             246.01427 
           -628.48042               4.39616            -624.08426             236.18065 
           -628.71227               4.82834            -623.88393             259.39922 
           -628.56332               4.57691            -623.98641             245.89134 
           -628.94771               4.52838            -624.41933             243.28403 
           -629.06722               4.71085            -624.35637             253.08708 
           -629.26162               4.69851            -624.56311             252.42386 
           -629.06873               4.38772            -624.68101             235.72727 
           -629.90142               4.77662            -625.12480             256.62043 
           -629.90065               4.49629            -625.40436             241.55982 
           -630.20454               4.57503            -625.62951             245.79036 
           -630.25655               4.30253            -625.95402             231.15047 
           -630.32698               4.08202            -626.24496             219.30368 
           -631.21865               4.51587            -626.70279             242.61175 
           -631.29922               4.41943            -626.87979             237.43054 
           -630.58876               3.43475            -627.15401             184.52933 
           -632.35051               4.72005            -627.63046             253.58126 
           -632.52727               4.69736            -627.82991             252.36242 
           -632.88686               4.83146            -628.05540             259.56665 
           -632.32560               4.21937            -628.10623             226.68271 
           -632.89594               4.42936            -628.46658             237.96405 
           -633.24774               4.69345            -628.55429             252.15245 
           -633.83110               4.95519            -628.87590             266.21429 
           -633.93758               4.62447            -629.31311             248.44640 
           -633.32724               3.97372            -629.35352             213.48537 
           -634.46138               4.77585            -629.68554             256.57895 
           -634.57797               4.22930            -630.34866             227.21636 
           -634.69648               4.01147            -630.68501             215.51315 
           -634.86765               4.16638            -630.70127             223.83590 
           -635.26013               4.61349            -630.64663             247.85666 
           -634.73172               4.01861            -630.71311             215.89693 
           -635.62332               4.69880            -630.92451             252.43982 
           -635.95322               4.64655            -631.30667             249.63269 
           -636.43343               5.13355            -631.29989             275.79613 
           -635.99671               4.74876            -631.24795             255.12385 
           -636.31578               4.83785            -631.47793             259.90996 
           -636.11928               4.27664            -631.84265             229.75923 
           -636.93905               4.64451            -632.29454             249.52294 
           -637.37131               4.69383            -632.67748             252.17264 
           -637.44722               4.72057            -632.72665             253.60935 
           -637.71742               4.71989            -632.99753             253.57287 
           -637.91118               4.44101            -633.47017             238.59028 
           -638.05360               4.32791            -633.72569             232.51384 
           -638.10885               4.49656            -633.61229             241.57459 
           -638.47349               4.70788            -633.76561             252.92730 
           -638.97530               4.97600            -633.99930             267.33217 
           -639.00212               4.93581            -634.06631             265.17278 
           -638.98915               4.59440            -634.39475             246.83092 
           -639.50695               4.93725            -634.56970             265.25041 
           -639.15735               4.74896            -634.40840             255.13435 
           -639.28726               4.90297            -634.38429             263.40876 
           -639.22568               4.66278            -634.56290             250.50463 
           -639.63545               4.65234            -634.98311             249.94371 
           -640.54650               5.04289            -635.50361             270.92558 
           -640.39953               4.94966            -635.44986             265.91721 
           -640.48865               4.75237            -635.73628             255.31754 
           -640.70503               4.76998            -635.93504             256.26399 
           -640.70912               4.57416            -636.13496             245.74354 
           -640.95537               4.66905            -636.28632             250.84127 
           -641.73634               5.04523            -636.69111             271.05128 
           -641.53653               4.92135            -636.61518             264.39587 
           -641.78427               4.97701            -636.80726             267.38641 
           -641.58989               4.65234            -636.93754             249.94387 
           -642.13667               4.96063            -637.17604             266.50645 
           -642.10998               5.07101            -637.03897             272.43663 
           -642.53960               5.25968            -637.27992             282.57239 
           -643.11499               5.19419            -637.92080             279.05419 
           -643.15103               5.08901            -638.06202             273.40330 
           -642.50371               4.37011            -638.13359             234.78118 
           -643.10502               4.47913            -638.62588             240.63822 
           -643.65192               4.75929            -638.89263             255.68947 
           -643.88610               4.41264            -639.47346             237.06617 
           -644.36717               4.87152            -639.49565             261.71899 
           -644.37360               4.55436            -639.81924             244.67991 
           -644.21824               4.06536            -640.15288             218.40835 
           -644.52277               4.45682            -640.06595             239.43962 
           -644.70288               4.61244            -640.09044             247.79987 
           -644.88002               4.65776            -640.22226             250.23470 
           -644.89322               4.45184            -640.44138             239.17215 
           -645.42305               4.85689            -640.56616             260.93298 
           -645.24936               4.22927            -641.02009             227.21479 
           -645.09360               4.28498            -640.80863             230.20744 
           -645.29729               4.10999            -641.18730             220.80627 
           -645.64325               4.75858            -640.88466             255.65152 
           -645.30947               4.45121            -640.85826             239.13801 
           -645.34691               4.64088            -640.70602             249.32818 
           -645.76008               4.72685            -641.03323             253.94683 
           -646.21304               4.80388            -641.40916             258.08490 
           -645.88804               4.11674            -641.77130             221.16918 
           -646.15872               4.38900            -641.76972             235.79586 
           -645.81636               4.13304            -641.68332             222.04469 
           -646.48521               4.26680            -642.21841             229.23063 
           -647.22950               4.80524            -642.42426             258.15833 
           -646.75584               4.28884            -642.46700             230.41503 
           -646.50179               4.03116            -642.47064             216.57100 
           -647.02258               4.72533            -642.29725             253.86496 
           -646.90998               4.48874            -642.42124             241.15426 
           -647.16561               4.50538            -642.66023             242.04831 
           -646.89767               4.04055            -642.85712             217.07564 
           -647.06490               4.19265            -642.87225             225.24690 
           -647.24397               4.41304            -642.83093             237.08769 
           -647.10327               4.37800            -642.72528             235.20478 
           -647.41932               4.86096            -642.55836             261.15163 
           -647.36181               4.49244            -642.86937             241.35306 
           -647.01961               3.97227            -643.04734             213.40720 
           -647.19892               4.27100            -642.92792             229.45633 
           -647.73991               4.75158            -642.98834             255.27522 
           -647.86381               4.70593            -643.15788             252.82300 
           -647.52755               4.45112            -643.07643             239.13330 
           -647.96488               4.85477            -643.11011             260.81890 
           -647.74517               4.56565            -643.17952             245.28614 
           -647.73516               4.36307            -643.37209             234.40282 
           -647.53768               4.10058            -643.43710             220.30065 
           -647.97232               4.34922            -643.62310             233.65878 
           -647.70156               4.07234            -643.62922             218.78350 
           -647.70310               4.21476            -643.48834             226.43510 
           -647.98049               4.69875            -643.28174             252.43689 
           -647.74189               4.34866            -643.39323             233.62846 
           -647.81671               4.27142            -643.54530             229.47899 
           -647.70398               4.27797            -643.42601             229.83085 
           -647.63017               3.95642            -643.67375             212.55593 
           -648.18014               4.44149            -643.73865             238.61598 
           -648.24161               4.55989            -643.68172             244.97664 
           -647.79067               3.80729            -643.98338             204.54400 
           -647.91360               4.35028            -643.56332             233.71557 
           -647.84648               4.43018            -643.41630             238.00813 
           -648.17035               4.62355            -643.54681             248.39682 
           -647.68239               4.25058            -643.43181             228.35942 
           -647.78467               4.65812            -643.12654             250.25428 
           -647.28220               4.48602            -642.79618             241.00821 
           -647.54473               4.94668            -642.59804             265.75708 
           -647.27643               4.67300            -642.60342             251.05385 
           -647.69173               4.88682            -642.80491             262.54107 
           -647.45532               4.85728            -642.59804             260.95409 
           -647.66691               4.90279            -642.76412             263.39893 
           -647.60536               4.50528            -643.10008             242.04324 
           -647.46133               4.21388            -643.24744             226.38791 
           -647.20774               4.19016            -643.01758             225.11339 
           -647.58881               4.39233            -643.19648             235.97494 
           -647.23707               4.04980            -643.18727             217.57256 
           -647.66387               4.37312            -643.29075             234.94268 
           -647.58892               4.32597            -643.26295             232.40945 
           -647.20716               4.10171            -643.10545             220.36131 
           -647.48391               4.34415            -643.13975             233.38647 
           -647.03812               4.09212            -642.94600             219.84649 
           -647.10535               3.87219            -643.23315             208.03093 
           -647.35825               3.92088            -643.43737             210.64644 
           -647.30629               4.03722            -643.26907             216.89672 
           -647.56901               4.32749            -643.24153             232.49110 
           -647.01998               4.04655            -642.97343             217.39821 
           -647.14925               4.17781            -642.97144             224.44977 
           -647.05209               4.31514            -642.73695             231.82790 
           -646.32405               4.04830            -642.27575             217.49200 
           -646.01145               3.85043            -642.16102             206.86172 
           -646.53704               4.16229            -642.37474             223.61633 
           -646.40661               4.42453            -641.98209             237.70456 
           -646.57966               4.39031            -642.18935             235.86629 
           -646.25269               4.21723            -642.03546             226.56746 
           -646.06305               3.94391            -642.11914             211.88399 
           -646.20916               4.32767            -641.88149             232.50104 
           -646.10925               4.50723            -641.60202             242.14801 
           -645.66772               4.20785            -641.45986             226.06402 
           -646.08672               4.64607            -641.44064             249.60686 
           -645.58468               4.47632            -641.10836             240.48731 
           -645.28029               4.30053            -640.97975             231.04317 
           -645.33117               4.54311            -640.78806             244.07560 
           -644.98985               4.03346            -640.95639             216.69476 
           -644.91711               4.01377            -640.90334             215.63686 
           -644.47627               3.78846            -640.68781             203.53241 
           -644.82041               4.37464            -640.44577             235.02437 
           -644.70813               4.75036            -639.95777             255.20977 
           -644.39298               4.39659            -639.99639             236.20354 
           -644.19023               4.60227            -639.58796             247.25387 
           -644.32258               4.58772            -639.73486             246.47200 
           -643.76235               3.94322            -639.81913             211.84679 
           -643.78718               3.94175            -639.84543             211.76789 
           -643.76083               4.10472            -639.65611             220.52322 
           -643.06162               3.71931            -639.34231             199.81725 
           -643.03405               3.93224            -639.10181             211.25671 
           -643.02491               3.78768            -639.23724             203.49022 
           -643.19796               4.66007            -638.53789             250.35916 
           -642.86747               4.75648            -638.11099             255.53871 
           -642.11053               4.06197            -638.04856             218.22657 
           -641.70756               3.77122            -637.93634             202.60603 
           -641.74976               4.23189            -637.51787             227.35508 
           -642.15032               4.65698            -637.49334             250.19279 
           -641.49361               4.37466            -637.11895             235.02557 
           -641.58222               4.51903            -637.06319             242.78189 
           -641.47387               4.73491            -636.73896             254.37957 
           -641.51823               5.09551            -636.42271             273.75282 
           -640.82777               4.58675            -636.24102             246.41993 
           -640.62629               4.48452            -636.14177             240.92778 
           -640.51131               4.64521            -635.86610             249.56037 
           -640.44047               4.68821            -635.75225             251.87100 
           -639.97153               4.47118            -635.50035             240.21080 
           -639.67559               4.42072            -635.25486             237.50022 
           -639.54542               4.93787            -634.60756             265.28340 
           -639.40382               4.93190            -634.47192             264.96260 
           -638.98847               4.78004            -634.20843             256.80443 
           -638.63691               4.64689            -633.99002             249.65099 
           -638.57331               4.60653            -633.96678             247.48262 
           -638.56509               4.68148            -633.88362             251.50897 
           -638.52921               4.59143            -633.93778             246.67156 
           -637.95844               4.19324            -633.76520             225.27906 
           -637.34186               4.17548            -633.16638             224.32468 
           -637.91410               5.02060            -632.89350             269.72837 
           -637.18045               4.49185            -632.68860             241.32129 
           -637.05317               4.67083            -632.38234             250.93698 
           -636.34177               4.32014            -632.02163             232.09649 
           -636.37241               4.49943            -631.87298             241.72890 
           -636.83518               4.80246            -632.03271             258.00886 
           -636.25748               4.57408            -631.68339             245.73941 
           -636.12904               4.74431            -631.38473             254.88482 
           -635.03264               3.94796            -631.08468             212.10124 
           -635.86103               4.70206            -631.15897             252.61462 
           -635.48676               4.46011            -631.02665             239.61629 
           -635.07873               4.29358            -630.78515             230.66974 
           -634.34836               4.03522            -630.31314             216.78908 
           -634.31589               4.06416            -630.25173             218.34416 
           -633.87746               3.95688            -629.92058             212.58066 
           -633.80445               4.55501            -629.24944             244.71481 
           -633.73419               4.29894            -629.43524             230.95773 
           -632.92822               3.99985            -628.92837             214.88903 
           -633.02056               4.41800            -628.60257             237.35372 
           -632.95553               4.78440            -628.17113             257.03853 
           -632.97724               4.92170            -628.05554             264.41487 
           -631.91396               4.02065            -627.89331             216.00652 
           -632.13448               4.50244            -627.63204             241.89027 
           -632.16173               4.61155            -627.55018             247.75229 
           -631.53968               4.03007            -627.50962             216.51258 
           -631.41072               4.46732            -626.94340             240.00362 
           -631.55386               4.89187            -626.66198             262.81237 
           -630.90150               4.16889            -626.73262             223.97041 
           -630.54423               4.17882            -626.36541             224.50411 
           -630.60455               4.48607            -626.11848             241.01089 
           -629.99445               4.02970            -625.96474             216.49284 
           -630.11759               4.17664            -625.94095             224.38707 
           -629.69746               3.90727            -625.79019             209.91537 
           -629.66717               3.93364            -625.73352             211.33223 
           -629.72795               4.19024            -625.53771             225.11766 
           -629.67663               4.49204            -625.18459             241.33176 
           -629.54977               4.56365            -624.98611             245.17910 
           -628.73368               4.10179            -624.63189             220.36570 
           -628.82793               4.41403            -624.41390             237.14070 
           -628.35317               4.10320            -624.24997             220.44159 
           -628.96500               5.11334            -623.85166             274.71043 
           -628.17056               4.55233            -623.61824             244.57055 
           -628.54200               4.69676            -623.84524             252.33031 
           -628.58379               4.73290            -623.85089             254.27165 
           -628.45719               4.75325            -623.70394             255.36499 
           -628.16636               4.43832            -623.72804             238.44545 
           -628.08044               4.39653            -623.68391             236.20050 
           -627.59635               4.08203            -623.51432             219.30425 
           -627.93710               4.71115            -623.22595             253.10300 
           -627.87638               4.57220            -623.30418             245.63821 
           -627.56145               4.06231            -623.49913             218.24492 
           -627.54223               4.16374            -623.37849             223.69390 
           -627.98933               4.46011            -623.52922             239.61647 
           -627.81911               4.31383            -623.50527             231.75759 
           -627.79513               4.68135            -623.11378             251.50197 
           -627.48014               4.29784            -623.18229             230.89864 
           -626.95404               4.11278            -622.84127             220.95595 
           -626.97750               4.45034            -622.52716             239.09144 
           -626.72954               4.25816            -622.47138             228.76666 
           -627.65427               4.82385            -622.83043             259.15768 
           -627.48608               4.73931            -622.74677             254.61626 
           -627.28275               4.41964            -622.86311             237.44224 
           -627.47765               4.41863            -623.05902             237.38777 
           -627.42982               4.45009            -622.97973             239.07795 
           -627.31602               4.58619            -622.72984             246.38962 
           -627.25030               4.24950            -623.00080             228.30145 
           -627.25012               4.19841            -623.05171             225.55671 
           -627.12952               4.14551            -622.98401             222.71468 
           -627.27881               4.46213            -622.81668             239.72469 
           -627.13109               4.35803            -622.77306             234.13202 
           -627.05949               4.25488            -622.80461             228.59044 
           -627.04625               4.51767            -622.52858             242.70858 
           -627.12669               4.42853            -622.69816             237.91984 
           -627.42155               4.46262            -622.95893             239.75131 
           -627.06884               4.10016            -622.96868             220.27819 
           -627.37162               4.40560            -622.96602             236.68776 
           -626.53022               3.75826            -622.77196             201.90996 
           -627.28938               4.59527            -622.69411             246.87768 
           -626.67043               4.33405            -622.33638             232.84391 
           -627.06770               4.72964            -622.33806             254.09648 
           -626.66183               4.47859            -622.18323             240.60928 
           -627.04040               4.92828            -622.11212             264.76829 
           -626.81306               4.87889            -621.93417             262.11504 
           -626.60449               5.00874            -621.59575             269.09125 
           -626.61329               4.68487            -621.92842             251.69145 
           -626.55568               4.60680            -621.94889             247.49699 
           -627.07987               4.66116            -622.41870             250.41772 
           -627.04672               4.43451            -622.61221             238.24077 
           -626.86494               4.29792            -622.56702             230.90273 
           -626.84355               3.95194            -622.89162             212.31509 
           -627.34452               4.28904            -623.05548             230.42539 
           -627.15370               4.28858            -622.86512             230.40093 
           -627.18585               4.29414            -622.89171             230.69978 
           -627.34267               4.49118            -622.85149             241.28522 
           -626.71528               3.68759            -623.02768             198.11331 
           -627.68426               4.50471            -623.17954             242.01257 
           -627.22154               4.13574            -623.08580             222.18953 
           -626.93839               3.95834            -622.98006             212.65883 
           -627.05902               4.26901            -622.79001             229.34940 
           -627.40801               4.53763            -622.87038             243.78097 
           -627.07248               4.29722            -622.77526             230.86531 
           -626.78419               4.28690            -622.49728             230.31087 
           -627.06125               4.33531            -622.72594             232.91140 
           -627.07341               4.32109            -622.75232             232.14751 
           -627.12551               4.26146            -622.86405             228.94416 
           -627.51334               4.71679            -622.79654             253.40630 
           -627.45172               4.61955            -622.83217             248.18214 
           -626.91274               3.86712            -623.04562             207.75855 
           -627.45742               4.31013            -623.14729             231.55887 
           -627.27947               4.12138            -623.15809             221.41836 
           -627.56158               4.38800            -623.17358             235.74221 
           -626.86607               3.74843            -623.11764             201.38191 
           -626.88169               4.20636            -622.67533             225.98369 
           -626.90229               4.32512            -622.57717             232.36385 
           -627.18572               4.64475            -622.54097             249.53565 
           -627.16059               4.55515            -622.60545             244.72200 
           -627.48390               4.72668            -622.75722             253.93735 
           -627.57988               4.67158            -622.90830             250.97734 
           -628.07744               4.91922            -623.15822             264.28175 
           -628.19014               4.77389            -623.41624             256.47410 
           -627.63291               4.09968            -623.53323             220.25250 
           -627.88329               3.95270            -623.93059             212.35586 
           -627.71397               3.84694            -623.86703             206.67431 
           -628.31619               4.31692            -623.99928             231.92342 
           -628.58193               4.37081            -624.21112             234.81857 
           -628.37084               4.12935            -624.24149             221.84644 
           -628.39629               4.05120            -624.34509             217.64784 
           -628.67364               4.41101            -624.26263             236.97816 
           -628.40312               3.94942            -624.45370             212.17986 
           -628.71515               3.85186            -624.86329             206.93866 
           -629.02850               4.16569            -624.86281             223.79851 
           -628.69169               3.85650            -624.83520             207.18754 
           -629.00652               4.51595            -624.49057             242.61613 
           -629.21640               4.70107            -624.51533             252.56174 
           -629.14673               4.36173            -624.78500             234.33103 
           -629.29340               4.54178            -624.75162             244.00377 
           -629.54312               4.53113            -625.01200             243.43151 
           -629.66290               4.52267            -625.14024             242.97707 
           -629.97113               4.53285            -625.43828             243.52418 
           -630.28256               4.67554            -625.60702             251.19023 
           -630.28728               4.32885            -625.95843             232.56422 
           -630.33414               4.28040            -626.05375             229.96127 
           -630.65146               4.27894            -626.37252             229.88328 
           -631.27286               4.34425            -626.92861             233.39177 
           -631.12957               4.02480            -627.10477             216.22943 
           -632.01126               4.50420            -627.50706             241.98485 
           -632.37812               4.27206            -628.10606             229.51339 
           -632.56090               4.26008            -628.30083             228.86954 
           -632.63870               4.16723            -628.47148             223.88131 
           -633.16719               4.53446            -628.63273             243.61067 
           -633.55668               4.65857            -628.89810             250.27844 
           -633.04270               4.10217            -628.94052             220.38636 
           -633.86050               4.23135            -629.62915             227.32620 
           -633.66420               3.81118            -629.85301             204.75318 
           -634.75932               4.51512            -630.24420             242.57183 
           -634.57686               4.09696            -630.47990             220.10604 
           -635.03987               4.35989            -630.67998             234.23182 
           -635.50237               4.42448            -631.07790             237.70181 
           -635.87748               4.24508            -631.63239             228.06413 
           -635.71803               4.05389            -631.66414             217.79249 
           -635.91408               4.07888            -631.83520             219.13471 
           -635.91623               4.13010            -631.78613             221.88661 
           -636.71068               4.71954            -631.99114             253.55402 
           -636.59785               4.33448            -632.26337             232.86707 
           -636.71482               4.39841            -632.31641             236.30158 
           -636.90607               4.47059            -632.43547             240.17932 
           -637.62740               4.67642            -632.95098             251.23736 
           -637.67241               4.56963            -633.10278             245.50019 
           -637.75829               4.80237            -632.95592             258.00404 
           -637.74597               4.54456            -633.20141             244.15337 
           -637.45539               4.28568            -633.16970             230.24534 
           -638.44963               4.81521            -633.63442             258.69363 
           -638.32093               4.32751            -633.99342             232.49223 
           -638.84940               4.26584            -634.58355             229.17926 
           -639.20565               4.15471            -635.05094             223.20885 
           -639.71797               4.55853            -635.15944             244.90391 
           -639.80937               4.46306            -635.34632             239.77449 
           -639.76534               4.40026            -635.36508             236.40077 
           -639.94830               4.52382            -635.42448             243.03894 
           -639.81612               4.33183            -635.48429             232.72447 
           -640.14881               4.53846            -635.61035             243.82557 
           -640.43979               4.50028            -635.93951             241.77436 
           -640.78882               4.76305            -636.02577             255.89166 
           -640.32798               4.42515            -635.90283             237.73782 
           -640.93967               4.65960            -636.28007             250.33398 
           -641.12481               4.86501            -636.25980             261.36910 
           -641.07815               4.33717            -636.74097             233.01165 
           -641.98780               4.63103            -637.35677             248.79897 
           -641.96959               4.57633            -637.39326             245.86004 
           -641.73372               4.28595            -637.44776             230.25982 
           -642.22746               4.46547            -637.76198             239.90447 
           -642.11084               4.24237            -637.86847             227.91844 
           -642.33714               4.67185            -637.66530             250.99178 
           -642.44891               4.54711            -637.90179             244.29048 
           -643.16274               4.54380            -638.61894             244.11255 
           -643.08061               4.10021            -638.98040             220.28074 
           -643.33745               4.28931            -639.04814             230.44024 
           -643.50638               4.34072            -639.16566             233.20207 
           -644.10172               4.24355            -639.85817             227.98181 
           -644.47251               4.61031            -639.86220             247.68581 
           -644.76853               4.51238            -640.25615             242.42458 
           -644.70315               4.35108            -640.35207             233.75854 
           -645.09629               4.55253            -640.54376             244.58136 
           -645.01775               4.27428            -640.74348             229.63263 
           -645.10131               4.47887            -640.62244             240.62436 
           -645.06324               4.54793            -640.51531             244.33418 
           -644.74569               4.26668            -640.47901             229.22442 
           -645.09181               4.85416            -640.23765             260.78613 
           -645.21201               4.67019            -640.54182             250.90261 
           -645.09039               4.65455            -640.43583             250.06264 
           -645.64663               4.87903            -640.76760             262.12230 
           -644.64630               3.93857            -640.70774             211.59669 
           -645.67708               4.90160            -640.77548             263.33513 
           -645.61671               4.71664            -640.90007             253.39811 
           -645.64988               4.64968            -641.00020             249.80076 
           -645.34673               4.39530            -640.95143             236.13444 
           -645.89408               4.67944            -641.21464             251.39949 
           -645.79112               4.94800            -640.84312             265.82797 
           -645.60217               4.67492            -640.92725             251.15675 
           -645.93754               4.92665            -641.01090             264.68062 
           -645.61167               4.72905            -640.88262             254.06482 
           -646.21620               5.14631            -641.06988             276.48195 
           -646.18061               5.04965            -641.13096             271.28912 
           -645.94982               4.53524            -641.41459             243.65239 
           -646.55990               5.29813            -641.26177             284.63826 
           -646.57879               5.19600            -641.38278             279.15167 
           -646.45317               5.33167            -641.12150             286.44039 
           -646.24187               5.02167            -641.22021             269.78560 
           -646.63490               5.37378            -641.26113             288.70239 
           -646.63878               5.02162            -641.61716             269.78285 
           -646.76021               5.04663            -641.71358             271.12669 
           -646.43948               4.92922            -641.51026             264.81890 
           -647.52107               5.37770            -642.14337             288.91311 
           -647.41307               4.97448            -642.43859             267.25031 
           -647.14134               4.20380            -642.93754             225.84627 
           -647.42967               4.42121            -643.00846             237.52655 
           -647.51388               4.45045            -643.06343             239.09708 
           -647.63900               4.85834            -642.78066             261.01063 
           -647.56770               4.54332            -643.02438             244.08659 
           -647.58613               4.41235            -643.17378             237.05050 
           -647.76669               4.22756            -643.53913             227.12277 
           -647.86240               4.37002            -643.49239             234.77611 
           -648.09316               4.42337            -643.66979             237.64257 
           -647.67094               4.00625            -643.66469             215.23284 
           -647.99924               4.10076            -643.89848             220.31023 
           -647.84349               3.79279            -644.05069             203.76512 
           -648.11566               4.03111            -644.08455             216.56856 
           -648.74256               4.53320            -644.20936             243.54288 
           -648.81430               4.47234            -644.34196             240.27347 
           -648.15351               3.74903            -644.40448             201.41426 
           -648.36724               3.95872            -644.40852             212.67963 
           -648.26013               4.00765            -644.25248             215.30813 
           -648.42648               4.09712            -644.32936             220.11505 
           -648.33114               4.16785            -644.16329             223.91501 
           -648.65793               4.69061            -643.96732             251.99954 
           -647.94461               4.26577            -643.67885             229.17537 
           -648.28843               4.59055            -643.69789             246.62391 
           -648.27605               4.63923            -643.63682             249.23942 
           -648.17169               4.30112            -643.87058             231.07441 
           -648.12901               4.15777            -643.97124             223.37324 
           -648.15628               4.36838            -643.78790             234.68794 
           -647.74560               4.02990            -643.71570             216.50332 
           -648.47931               4.81934            -643.65997             258.91575 
           -647.76750               4.29095            -643.47655             230.52824 
           -647.50638               4.10941            -643.39697             220.77541 
           -647.51508               4.53895            -642.97613             243.85200 
           -647.76236               4.65125            -643.11110             249.88533 
           -647.15628               4.61987            -642.53640             248.19951 
           -647.35663               5.00877            -642.34786             269.09266 
           -647.17829               4.62135            -642.55694             248.27883 
           -647.31645               4.45023            -642.86622             239.08529 
           -647.51507               4.95339            -642.56168             266.11728 
           -647.32705               4.85019            -642.47686             260.57287 
           -646.81098               4.11085            -642.70013             220.85241 
           -647.55957               4.93706            -642.62251             265.24010 
           -647.06096               4.85073            -642.21022             260.60228 
           -647.06163               4.69875            -642.36287             252.43712 
           -646.69207               4.47231            -642.21976             240.27152 
           -646.01447               4.45431            -641.56015             239.30468 
           -646.59897               5.00457            -641.59440             268.86714 
           -646.16027               4.67926            -641.48101             251.38991 
           -646.29396               4.64364            -641.65032             249.47642 
           -646.54018               4.80937            -641.73082             258.37977 
           -646.97262               5.21415            -641.75848             280.12634 
           -646.49212               4.47006            -642.02206             240.15108 
           -646.35192               4.42627            -641.92565             237.79830 
           -646.01507               4.59961            -641.41547             247.11063 
           -645.64223               4.21689            -641.42534             226.54932 
           -645.86907               4.80990            -641.05917             258.40871 
           -645.70181               4.50928            -641.19253             242.25797 
           -645.66578               4.33119            -641.33460             232.68994 
           -645.19001               4.02941            -641.16060             216.47744 
           -645.62762               4.45206            -641.17556             239.18358 
           -645.88001               4.54319            -641.33681             244.07987 
           -645.46428               4.21484            -641.24944             226.43904 
           -645.43293               4.14959            -641.28335             222.93369 
           -645.17839               3.84365            -641.33474             206.49727 
           -645.18306               4.16823            -641.01484             223.93498 
           -645.12164               4.07030            -641.05134             218.67379 
           -645.25167               4.09622            -641.15544             220.06673 
           -644.85829               4.05656            -640.80174             217.93571 
           -644.58648               4.03251            -640.55396             216.64397 
           -643.95679               3.71834            -640.23845             199.76541 
           -643.97763               3.87633            -640.10131             208.25283 
           -644.06426               4.07807            -639.98619             219.09130 
           -643.83360               3.93214            -639.90145             211.25150 
           -643.59023               4.13891            -639.45133             222.35987 
           -643.48535               4.18374            -639.30160             224.76867 
           -643.41808               4.45945            -638.95863             239.58079 
           -642.88030               4.15551            -638.72479             223.25200 
           -642.87364               4.18386            -638.68978             224.77485 
           -642.57300               4.00512            -638.56789             215.17204 
           -642.22896               3.75892            -638.47004             201.94530 
           -642.31287               4.10806            -638.20481             220.70249 
           -642.23549               4.13832            -638.09718             222.32818 
           -642.12302               4.01561            -638.10741             215.73569 
           -641.98916               4.06783            -637.92133             218.54139 
           -641.58095               3.89981            -637.68114             209.51471 
           -641.40462               3.80974            -637.59488             204.67547 
           -641.42862               3.90318            -637.52544             209.69538 
           -641.38398               4.13724            -637.24673             222.27049 
           -640.78452               3.91059            -636.87393             210.09345 
           -640.30292               3.66152            -636.64140             196.71250 
           -640.72480               4.11437            -636.61043             221.04137 
           -640.26306               3.73197            -636.53109             200.49740 
           -640.19629               3.99349            -636.20280             214.54760 
           -640.11939               3.81702            -636.30237             205.06688 
           -639.65713               3.46892            -636.18821             186.36521 
           -639.88428               3.62544            -636.25884             194.77431 
           -639.38989               3.42853            -635.96136             184.19536 
           -639.48687               3.77289            -635.71398             202.69582 
           -638.76643               3.60990            -635.15653             193.93933 
           -638.88045               3.97572            -634.90473             213.59268 
           -638.11471               3.36010            -634.75461             180.51895 
           -638.25210               3.79967            -634.45243             204.13477 
           -637.63229               3.42223            -634.21006             183.85692 
           -638.18440               4.15750            -634.02690             223.35857 
           -637.07076               3.57163            -633.49912             191.88346 
           -637.13261               4.08542            -633.04719             219.48631 
           -636.71020               3.95526            -632.75494             212.49340 
           -635.99354               3.91496            -632.07858             210.32829 
           -635.77423               4.01957            -631.75465             215.94879 
           -636.13434               4.76588            -631.36846             256.04338 
           -635.41552               4.26618            -631.14934             229.19731 
           -635.10151               4.39298            -630.70853             236.00981 
           -634.95169               4.55508            -630.39661             244.71871 
           -634.61732               4.19226            -630.42506             225.22642 
           -634.29647               4.08106            -630.21541             219.25215 
           -634.27977               4.26761            -630.01216             229.27442 
           -634.39504               4.28823            -630.10681             230.38207 
           -633.83608               4.09679            -629.73930             220.09696 
           -633.64579               3.92470            -629.72109             210.85162 
           -633.22236               3.85770            -629.36466             207.25199 
           -633.68733               4.53849            -629.14883             243.82731 
           -633.11628               4.01741            -629.09887             215.83249 
           -632.74550               4.06895            -628.67655             218.60154 
           -632.39563               3.79420            -628.60143             203.84082 
           -632.01351               3.82201            -628.19151             205.33467 
           -631.45218               3.72783            -627.72435             200.27504 
           -631.24920               4.17381            -627.07539             224.23507 
           -630.97877               4.21428            -626.76449             226.40904 
           -630.75404               4.26403            -626.49000             229.08224 
           -630.46460               4.18791            -626.27669             224.99248 
           -630.38343               4.39208            -625.99135             235.96124 
           -629.77586               4.20496            -625.57090             225.90836 
           -629.70667               4.50721            -625.19947             242.14659 
           -629.55538               4.62535            -624.93003             248.49383 
           -629.47162               4.55607            -624.91555             244.77153 
           -628.94963               4.05213            -624.89749             217.69806 
           -629.01248               4.08920            -624.92328             219.68944 
           -629.27202               4.54435            -624.72766             244.14217 
           -629.34269               4.48660            -624.85609             241.03925 
           -628.88254               4.38129            -624.50125             235.38156 
           -628.59161               4.40091            -624.19069             236.43587 
           -629.24510               4.93774            -624.30736             265.27671 
           -628.27235               4.60622            -623.66613             247.46576 
           -627.78182               4.28067            -623.50115             229.97599 
           -628.34633               4.60190            -623.74443             247.23400 
           -628.53382               4.65534            -623.87848             250.10501 
           -628.82286               4.93602            -623.88684             265.18407 
           -628.10558               4.00225            -624.10332             215.01830 
           -627.90504               3.91747            -623.98757             210.46314 
           -627.65540               3.87296            -623.78244             208.07192 
           -628.17359               4.64740            -623.52619             249.67824 
           -627.78701               4.47572            -623.31129             240.45503 
