           -312.93755              15.50508            -297.43247             832.99951 
           -310.67499              11.74469            -298.93030             630.97529 
           -314.72617              14.86355            -299.86262             798.53358 
           -309.83417               9.13524            -300.69893             490.78427 
           -314.49580              13.31361            -301.18219             715.26453 
           -314.57022              11.62459            -302.94563             624.52306 
           -316.39692              13.22819            -303.16873             710.67509 
           -312.21517               8.09958            -304.11559             435.14397 
           -317.87875              13.17585            -304.70290             707.86317 
           -314.61540               9.58552            -305.02988             514.97531 
           -316.36461              11.05886            -305.30575             594.12929 
           -312.63897               6.59661            -306.04236             354.39844 
           -318.10192              11.49116            -306.61076             617.35444 
           -315.41933               8.39122            -307.02811             450.81239 
           -317.87894              10.13161            -307.74733             544.31371 
           -314.65575               6.43302            -308.22273             345.60962 
           -318.52161               9.72156            -308.80005             522.28396 
           -317.35442               8.34489            -309.00953             448.32309 
           -317.28451               8.24463            -309.03988             442.93690 
           -316.15883               7.15935            -308.99949             384.63087 
           -319.16352               9.64516            -309.51836             518.17960 
           -316.69129               6.84031            -309.85098             367.49070 
           -317.13998               6.97533            -310.16465             374.74491 
           -316.48583               6.42786            -310.05797             345.33203 
           -318.06053               7.76658            -310.29395             417.25388 
           -318.31599               7.71628            -310.59970             414.55178 
           -316.96068               6.22761            -310.73306             334.57414 
           -317.92182               7.03579            -310.88603             377.99275 
           -318.22617               7.05903            -311.16714             379.24146 
           -319.07007               7.82434            -311.24573             420.35698 
           -316.78840               5.47243            -311.31597             294.00255 
           -317.74735               6.40493            -311.34242             344.10036 
           -317.62543               6.32703            -311.29839             339.91530 
           -318.25844               6.95968            -311.29877             373.90368 
           -316.09075               4.76931            -311.32145             256.22773 
           -317.99511               6.65903            -311.33608             357.75177 
           -317.07034               5.70036            -311.36998             306.24782 
           -318.42709               7.04827            -311.37883             378.66316 
           -316.28684               4.99166            -311.29518             268.17340 
           -317.81406               6.67611            -311.13795             358.66940 
           -316.72301               5.59255            -311.13046             300.45561 
           -318.24442               7.07131            -311.17311             379.90108 
           -315.78108               5.00572            -310.77537             268.92863 
           -316.74047               5.89218            -310.84829             316.55301 
           -316.57104               5.53596            -311.03508             297.41547 
           -317.11934               6.28886            -310.83048             337.86441 
           -315.18853               4.71896            -310.46957             253.52302 
           -316.50284               6.40609            -310.09675             344.16269 
           -315.73372               5.75823            -309.97550             309.35662 
           -316.39507               6.03710            -310.35797             324.33907 
           -314.55083               4.52731            -310.02352             243.22673 
           -315.61856               5.77693            -309.84163             310.36159 
           -315.45918               5.73572            -309.72346             308.14766 
           -315.37637               5.68380            -309.69257             305.35799 
           -314.21012               4.64883            -309.56129             249.75485 
           -314.87154               5.25471            -309.61683             282.30577 
           -314.89372               5.53521            -309.35851             297.37543 
           -314.86736               5.65863            -309.20873             304.00602 
           -313.88273               5.05347            -308.82925             271.49417 
           -314.27494               5.52563            -308.74930             296.86079 
           -313.73227               4.88246            -308.84981             262.30670 
           -313.45583               4.68013            -308.77570             251.43683 
           -313.86974               5.24623            -308.62351             281.85013 
           -312.81197               4.42671            -308.38525             237.82202 
           -312.32756               4.09086            -308.23670             219.77836 
           -312.78342               4.56593            -308.21749             245.30148 
           -313.61125               5.59932            -308.01193             300.81952 
           -312.70249               5.05969            -307.64280             271.82808 
           -313.25334               5.69657            -307.55677             306.04445 
           -311.73225               4.69714            -307.03511             252.35073 
           -311.94251               4.88852            -307.05399             262.63241 
           -311.76078               4.80459            -306.95620             258.12304 
           -311.30580               4.83431            -306.47149             259.71983 
           -311.35348               5.17322            -306.18026             277.92762 
           -310.77929               4.56077            -306.21852             245.02407 
           -311.66314               5.25943            -306.40370             282.55943 
           -310.92126               4.77594            -306.14532             256.58405 
           -311.11761               4.68506            -306.43254             251.70177 
           -311.33620               5.30314            -306.03306             284.90753 
           -311.53002               5.47249            -306.05753             294.00569 
           -310.85819               4.81960            -306.03859             258.92953 
           -311.03685               4.89538            -306.14148             263.00057 
           -311.15950               5.00575            -306.15375             268.93059 
           -311.10003               4.65084            -306.44919             249.86317 
           -311.22637               4.95413            -306.27223             266.15740 
           -310.98196               4.53284            -306.44912             243.52353 
           -311.34147               4.84377            -306.49770             260.22802 
           -310.91196               4.30496            -306.60700             231.28114 
           -311.75857               5.06436            -306.69421             272.07919 
           -311.25865               4.47401            -306.78465             240.36289 
           -311.08720               4.18054            -306.90666             224.59653 
           -311.52488               4.55483            -306.97005             244.70505 
           -311.08641               4.23194            -306.85448             227.35792 
           -311.13204               4.52225            -306.60979             242.95448 
           -311.28836               4.61165            -306.67671             247.75773 
           -311.30200               4.82273            -306.47927             259.09775 
           -310.76587               4.44756            -306.31832             238.94176 
           -310.83676               4.28633            -306.55043             230.28017 
           -311.10246               4.41328            -306.68917             237.10055 
           -311.13154               4.62960            -306.50195             248.72173 
           -311.16413               4.73374            -306.43039             254.31667 
           -310.99742               4.36915            -306.62826             234.72972 
           -311.18263               4.40026            -306.78237             236.40075 
           -311.02592               4.44288            -306.58303             238.69079 
           -310.92439               4.32822            -306.59618             232.53047 
           -311.34131               4.72641            -306.61489             253.92326 
           -310.74113               4.27976            -306.46137             229.92704 
           -311.30998               4.69745            -306.61253             252.36716 
           -311.05207               4.35248            -306.69959             233.83407 
           -311.24720               4.93549            -306.31172             265.15554 
           -311.03096               4.59903            -306.43193             247.07950 
           -311.11520               5.08259            -306.03261             273.05843 
           -310.88268               4.79653            -306.08614             257.69038 
           -310.82139               4.62567            -306.19572             248.51093 
           -311.57924               5.21652            -306.36273             280.25368 
           -310.92975               4.55575            -306.37400             244.75444 
           -311.22152               4.68951            -306.53201             251.94082 
           -311.18804               4.55110            -306.63693             244.50471 
           -311.62427               4.70948            -306.91479             253.01330 
           -310.88375               4.07853            -306.80522             219.11599 
           -311.64901               4.74048            -306.90854             254.67882 
           -311.47819               4.42118            -307.05701             237.52493 
           -311.44563               4.32382            -307.12181             232.29439 
           -311.70603               4.45831            -307.24772             239.51940 
           -311.64703               4.25455            -307.39248             228.57253 
           -311.74590               4.08441            -307.66149             219.43199 
           -311.92918               4.14585            -307.78333             222.73294 
           -312.27296               4.44529            -307.82767             238.82021 
           -312.08797               4.15079            -307.93718             222.99832 
           -311.84312               4.07831            -307.76481             219.10421 
           -312.09518               4.37338            -307.72180             234.95663 
           -311.84465               4.03153            -307.81312             216.59115 
           -312.37837               4.40926            -307.96911             236.88443 
           -312.21962               4.30586            -307.91377             231.32902 
           -312.40950               4.17847            -308.23103             224.48510 
           -312.66412               4.29696            -308.36716             230.85103 
           -312.84337               4.55957            -308.28380             244.95967 
           -312.71376               4.33129            -308.38248             232.69528 
           -312.77106               4.43513            -308.33594             238.27396 
           -312.95974               4.08258            -308.87716             219.33370 
           -313.53995               4.19296            -309.34699             225.26399 
           -313.67215               4.29558            -309.37657             230.77718 
           -313.60201               4.20240            -309.39961             225.77117 
           -313.85364               4.42797            -309.42567             237.88953 
           -314.49942               5.02005            -309.47937             269.69874 
           -314.21472               4.53165            -309.68308             243.45945 
           -314.99476               5.07711            -309.91766             272.76395 
           -314.14807               4.21804            -309.93002             226.61136 
           -314.39763               4.09019            -310.30744             219.74257 
           -314.88198               4.38129            -310.50068             235.38187 
           -314.96203               4.28526            -310.67677             230.22267 
           -315.60994               4.53859            -311.07136             243.83242 
           -316.03349               4.64370            -311.38979             249.47943 
           -315.62532               4.20453            -311.42078             225.88553 
           -316.26663               4.55405            -311.71258             244.66313 
           -316.40487               4.34327            -312.06160             233.33926 
           -316.45159               4.38358            -312.06801             235.50453 
           -316.64468               4.51477            -312.12990             242.55307 
           -317.02250               4.63650            -312.38600             249.09246 
           -317.16199               4.50293            -312.65905             241.91697 
           -317.32106               4.83197            -312.48909             259.59418 
           -317.66257               4.96207            -312.70050             266.58360 
           -317.13423               4.64695            -312.48728             249.65401 
           -317.78806               5.14584            -312.64222             276.45686 
           -317.41604               4.72486            -312.69118             253.83966 
           -317.87383               4.82467            -313.04917             259.20174 
           -317.97040               4.75570            -313.21470             255.49646 
           -318.06293               4.61008            -313.45285             247.67336 
           -318.00806               4.35365            -313.65441             233.89685 
           -318.09348               4.60122            -313.49226             247.19718 
           -318.77185               5.37143            -313.40043             288.57604 
           -318.05363               4.26247            -313.79116             228.99827 
           -318.62128               4.90009            -313.72119             263.25380 
           -318.74629               4.53974            -314.20654             243.89459 
           -319.12588               4.90123            -314.22465             263.31514 
           -319.26920               5.12721            -314.14200             275.45552 
           -319.04046               4.88907            -314.15139             262.66166 
           -319.62424               4.94771            -314.67653             265.81213 
           -319.69505               4.84776            -314.84729             260.44224 
           -319.83880               4.76804            -315.07076             256.15962 
           -319.75944               4.60836            -315.15108             247.58092 
           -320.37378               5.13106            -315.24272             275.66256 
           -319.80372               4.51463            -315.28909             242.54509 
           -320.13204               4.86868            -315.26336             261.56620 
           -320.41391               4.67375            -315.74016             251.09391 
           -321.18778               5.18004            -316.00774             278.29402 
           -320.58307               4.22354            -316.35954             226.90654 
           -320.96192               4.59015            -316.37176             246.60280 
           -321.12104               4.77966            -316.34138             256.78371 
           -321.27785               5.18373            -316.09411             278.49241 
           -321.01289               4.94700            -316.06589             265.77426 
           -321.20854               4.81983            -316.38871             258.94178 
           -321.24860               4.75861            -316.48999             255.65306 
           -320.93184               4.80777            -316.12407             258.29394 
           -321.35255               4.81503            -316.53752             258.68434 
           -321.15691               4.89736            -316.25954             263.10734 
           -321.28947               5.18116            -316.10831             278.35412 
           -321.40389               5.09926            -316.30463             273.95430 
           -321.12804               4.59731            -316.53073             246.98734 
           -321.26648               4.81409            -316.45239             258.63341 
           -321.28550               4.39981            -316.88569             236.37668 
           -321.41930               4.46895            -316.95035             240.09122 
           -322.03507               4.75929            -317.27578             255.68962 
           -322.09959               4.62931            -317.47028             248.70641 
           -321.39789               4.01192            -317.38597             215.53744 
           -321.66780               4.51967            -317.14813             242.81592 
           -321.51390               4.27778            -317.23612             229.82062 
           -321.71067               4.27268            -317.43799             229.54681 
           -321.30592               3.77891            -317.52701             203.01926 
           -321.77187               4.12519            -317.64668             221.62280 
           -322.15440               4.35668            -317.79772             234.05952 
           -322.18061               4.65574            -317.52487             250.12626 
           -321.73636               4.36136            -317.37500             234.31089 
           -321.56265               4.58824            -316.97441             246.50011 
           -321.92230               5.14319            -316.77910             276.31452 
           -321.78301               4.87010            -316.91291             261.64258 
           -321.69370               4.71816            -316.97554             253.48008 
           -321.75734               4.69774            -317.05960             252.38277 
           -321.31276               4.37148            -316.94127             234.85489 
           -321.57372               4.63869            -316.93503             249.21040 
           -321.53041               4.46319            -317.06723             239.78149 
           -321.13381               4.35579            -316.77802             234.01164 
           -321.09484               4.60214            -316.49271             247.24647 
           -321.22842               4.64462            -316.58380             249.52911 
           -321.15855               4.61318            -316.54537             247.83972 
           -321.14840               4.49214            -316.65626             241.33707 
           -321.19306               4.62407            -316.56899             248.42482 
           -321.80931               4.77573            -317.03358             256.57266 
           -320.90156               4.07051            -316.83105             218.68524 
           -321.27259               4.51540            -316.75719             242.58666 
           -320.82002               4.24012            -316.57990             227.79737 
           -320.88706               4.23783            -316.64923             227.67443 
           -319.97033               3.65195            -316.31837             196.19851 
           -320.59066               4.44116            -316.14949             238.59838 
           -320.74686               4.67172            -316.07514             250.98470 
           -320.57237               4.53684            -316.03553             243.73833 
           -320.26194               4.33722            -315.92471             233.01426 
           -320.69006               4.81042            -315.87964             258.43628 
           -320.10559               4.35028            -315.75531             233.71596 
           -319.90409               4.17460            -315.72949             224.27730 
           -320.03465               4.18890            -315.84574             225.04586 
           -319.54931               4.23661            -315.31270             227.60882 
           -318.98470               3.95331            -315.03139             212.38877 
           -318.88238               4.39785            -314.48452             236.27160 
           -318.61698               4.27790            -314.33908             229.82719 
           -319.01647               4.76872            -314.24776             256.19587 
           -318.56535               4.35584            -314.20952             234.01427 
           -318.36584               4.18197            -314.18388             224.67327 
           -318.90122               4.67621            -314.22501             251.22612 
           -318.16268               4.23977            -313.92291             227.77878 
           -318.25881               4.56755            -313.69126             245.38817 
           -318.27057               4.55424            -313.71633             244.67336 
           -317.68550               4.16459            -313.52091             223.73974 
           -318.09310               4.55190            -313.54120             244.54775 
           -317.84626               4.44356            -313.40271             238.72696 
           -316.70167               3.47179            -313.22988             186.51937 
           -317.59301               4.31998            -313.27304             232.08779 
           -317.58768               4.46476            -313.12292             239.86621 
           -317.28214               4.36086            -312.92128             234.28399 
           -316.86389               4.15938            -312.70452             223.45956 
           -316.71476               4.58107            -312.13369             246.11468 
           -316.44774               4.47231            -311.97543             240.27148 
           -316.25856               4.27059            -311.98797             229.43457 
           -316.45342               4.43792            -312.01550             238.42399 
           -315.79931               4.14880            -311.65052             222.89128 
           -315.06415               3.81302            -311.25113             204.85172 
           -315.26167               4.31084            -310.95083             231.59660 
           -315.36563               4.36155            -311.00407             234.32135 
           -315.29163               4.26658            -311.02505             229.21898 
           -314.66828               4.11410            -310.55419             221.02686 
           -314.43350               4.35412            -310.07937             233.92219 
           -314.55265               4.54494            -310.00771             244.17362 
           -314.15849               4.43178            -309.72671             238.09438 
           -313.55342               4.00827            -309.54515             215.34143 
           -313.64723               4.18627            -309.46096             224.90436 
           -313.88227               4.49596            -309.38631             241.54214 
           -313.51125               4.49943            -309.01182             241.72864 
           -312.94664               4.10511            -308.84153             220.54422 
           -312.97580               4.66225            -308.31355             250.47634 
           -312.47153               4.27879            -308.19274             229.87498 
           -312.19615               4.27051            -307.92564             229.43007 
           -312.38072               4.59688            -307.78384             246.96417 
           -312.23739               4.36152            -307.87588             234.31935 
           -312.33128               4.23543            -308.09586             227.54523 
           -312.35372               4.31925            -308.03447             232.04881 
           -311.53161               3.88002            -307.65158             208.45151 
           -312.24491               4.77526            -307.46966             256.54721 
           -311.60970               4.39932            -307.21038             236.35038 
           -311.88099               4.44289            -307.43810             238.69126 
           -311.72403               4.66402            -307.06001             250.57137 
           -312.06814               4.64055            -307.42759             249.31024 
           -311.48039               4.19430            -307.28609             225.33592 
           -311.27601               4.03352            -307.24249             216.69787 
           -311.64186               4.36308            -307.27878             234.40340 
           -311.10855               4.00703            -307.10152             215.27504 
           -311.80955               4.43009            -307.37946             238.00354 
           -311.55445               3.90912            -307.64532             210.01487 
           -311.57383               4.08550            -307.48833             219.49040 
           -311.53047               4.19751            -307.33296             225.50851 
           -311.81348               4.55671            -307.25677             244.80617 
           -310.94473               3.86680            -307.07793             207.74088 
           -311.41262               4.43645            -306.97617             238.34529 
           -311.30049               4.14677            -307.15371             222.78252 
           -311.56115               4.34335            -307.21780             233.34359 
           -311.25980               4.13663            -307.12317             222.23749 
           -311.32479               4.18733            -307.13747             224.96110 
           -311.09194               4.09406            -306.99788             219.95038 
           -311.30243               4.13608            -307.16635             222.20774 
           -311.63377               4.30584            -307.32793             231.32801 
           -311.29159               3.95982            -307.33177             212.73836 
           -311.76951               4.23991            -307.52960             227.78619 
           -311.50146               4.04286            -307.45860             217.20002 
           -311.10231               3.72981            -307.37249             200.38160 
           -311.16471               4.03476            -307.12995             216.76463 
           -311.29158               4.12922            -307.16236             221.83964 
           -310.93875               4.00457            -306.93417             215.14283 
           -311.09587               3.99944            -307.09643             214.86709 
           -311.03400               4.17024            -306.86376             224.04337 
           -311.20280               4.27185            -306.93095             229.50205 
           -311.54865               4.62521            -306.92344             248.48633 
           -311.02493               4.01026            -307.01467             215.44855 
           -311.44760               4.79598            -306.65162             257.66064 
           -310.85700               4.27789            -306.57911             229.82635 
           -311.17248               4.49407            -306.67841             241.44060 
           -310.63022               4.13767            -306.49255             222.29343 
           -311.59094               4.78235            -306.80859             256.92818 
           -311.49602               4.81890            -306.67712             258.89221 
           -311.31580               4.52234            -306.79346             242.95947 
           -310.98335               4.34397            -306.63937             233.37682 
           -311.09683               4.53079            -306.56604             243.41325 
           -311.67856               4.88458            -306.79397             262.42082 
           -312.14676               5.05000            -307.09676             271.30789 
           -311.41033               4.42824            -306.98209             237.90425 
           -311.60840               4.63978            -306.96862             249.26911 
           -310.96865               4.39280            -306.57585             236.00017 
           -311.48777               4.57623            -306.91153             245.85494 
           -311.13500               4.15438            -306.98062             223.19110 
           -311.64280               4.66466            -306.97814             250.60554 
           -311.64439               4.44776            -307.19663             238.95262 
           -311.51679               4.20387            -307.31293             225.84969 
           -311.93969               4.76046            -307.17923             255.75239 
           -311.81648               4.33604            -307.48044             232.95050 
           -311.80588               4.11012            -307.69575             220.81353 
           -312.30351               4.60651            -307.69700             247.48165 
           -312.66106               4.91147            -307.74959             263.86528 
           -312.84413               4.67521            -308.16892             251.17221 
           -313.41445               4.63879            -308.77566             249.21547 
           -312.98935               3.98671            -309.00264             214.18321 
           -312.80115               4.02649            -308.77466             216.32054 
           -313.19374               4.23955            -308.95419             227.76696 
           -314.04992               4.87039            -309.17953             261.65840 
           -314.35268               5.02611            -309.32657             270.02426 
           -313.91861               4.41128            -309.50733             236.99304 
           -314.27616               4.41550            -309.86066             237.21941 
           -314.53665               4.61573            -309.92092             247.97670 
           -314.84302               4.95930            -309.88372             266.43471 
           -314.81870               4.45731            -310.36139             239.46600 
           -315.61357               4.73064            -310.88293             254.15050 
           -315.33900               4.17375            -311.16525             224.23180 
           -315.59440               4.42657            -311.16783             237.81424 
           -315.84139               4.34931            -311.49208             233.66353 
           -316.29137               4.51337            -311.77801             242.47747 
           -316.58552               4.83576            -311.74975             259.79804 
           -315.99597               4.15074            -311.84524             222.99543 
           -316.44000               4.33186            -312.10814             232.72595 
           -317.24085               4.51747            -312.72338             242.69769 
           -316.55239               3.54190            -313.01049             190.28596 
           -317.54500               4.43027            -313.11473             238.01298 
           -317.09011               4.17173            -312.91838             224.12346 
           -317.23095               4.11891            -313.11204             221.28538 
           -317.98615               4.70384            -313.28232             252.71038 
           -317.32719               3.80635            -313.52084             204.49321 
           -317.96951               4.32565            -313.64386             232.39233 
           -318.35479               4.63478            -313.72000             249.00045 
           -318.34092               4.54515            -313.79577             244.18489 
           -318.57946               4.17863            -314.40084             224.49379 
           -318.77752               4.15111            -314.62641             223.01557 
           -318.96833               4.22556            -314.74277             227.01543 
           -319.35377               4.16783            -315.18595             223.91358 
           -319.38475               4.29388            -315.09088             230.68553 
           -320.15720               4.72841            -315.42879             254.03050 
           -319.92319               4.04552            -315.87767             217.34277 
           -319.65523               3.81532            -315.83990             204.97542 
           -320.35411               4.56272            -315.79139             245.12885 
           -319.99899               4.05785            -315.94113             218.00537 
           -320.14932               4.20924            -315.94009             226.13832 
           -320.23074               4.37327            -315.85746             234.95111 
           -320.32743               4.00828            -316.31915             215.34213 
           -320.86164               4.18270            -316.67893             224.71282 
           -320.96278               4.41316            -316.54962             237.09370 
           -320.45502               3.92999            -316.52503             211.13593 
           -321.07015               4.45728            -316.61287             239.46439 
           -321.42255               4.75054            -316.67201             255.21952 
           -321.17464               4.47538            -316.69927             240.43637 
           -321.21521               4.44824            -316.76697             238.97842 
           -320.60930               3.92733            -316.68197             210.99295 
           -321.37423               4.56476            -316.80948             245.23845 
           -321.60059               4.58946            -317.01113             246.56565 
           -321.03013               3.78432            -317.24581             203.31000 
           -321.61774               4.45147            -317.16627             239.15232 
           -321.27305               4.20305            -317.07000             225.80567 
           -320.66213               3.69378            -316.96835             198.44591 
           -321.33204               4.33767            -316.99437             233.03843 
           -321.40554               4.41477            -316.99077             237.18044 
           -321.58810               4.64885            -316.93925             249.75609 
           -321.64398               4.59541            -317.04857             246.88536 
           -321.29837               4.37366            -316.92471             234.97194 
           -321.49365               4.28911            -317.20454             230.42919 
           -321.89063               4.81762            -317.07301             258.82349 
           -321.64092               4.46751            -317.17340             240.01396 
           -322.20790               4.82729            -317.38061             259.34299 
           -322.00586               4.46155            -317.54432             239.69337 
           -321.83812               4.33187            -317.50625             232.72658 
           -321.61463               4.32890            -317.28573             232.56707 
           -322.00141               4.60758            -317.39383             247.53880 
           -321.42187               4.21966            -317.20221             226.69848 
           -321.88174               4.52117            -317.36057             242.89672 
           -321.69257               4.26532            -317.42725             229.15135 
           -322.07808               4.87952            -317.19856             262.14883 
           -321.20526               4.10103            -317.10423             220.32490 
           -321.85319               4.85652            -316.99667             260.91300 
           -321.64349               4.62512            -317.01837             248.48142 
           -321.83991               4.55613            -317.28378             244.77499 
           -321.43369               4.49373            -316.93997             241.42236 
           -321.46704               4.41351            -317.05354             237.11250 
           -321.55894               4.69709            -316.86184             252.34807 
           -322.07466               4.96720            -317.10746             266.85924 
           -321.53447               4.59287            -316.94160             246.74884 
           -321.61712               4.27778            -317.33934             229.82072 
           -321.66913               4.72232            -316.94680             253.70356 
           -321.69735               4.64786            -317.04949             249.70317 
           -321.29061               4.18065            -317.10996             224.60263 
           -321.57617               4.66127            -316.91490             250.42357 
           -320.80013               4.27116            -316.52897             229.46486 
           -321.08087               4.55829            -316.52258             244.89117 
           -321.02528               4.38943            -316.63585             235.81880 
           -321.46515               4.69957            -316.76558             252.48129 
           -320.73200               4.22185            -316.51016             226.81573 
           -320.70718               4.40934            -316.29784             236.88855 
           -321.06992               4.52924            -316.54068             243.33014 
           -320.56612               3.88307            -316.68305             208.61529 
           -320.46732               3.70029            -316.76703             198.79553 
           -320.69342               3.86540            -316.82802             207.66590 
           -320.41220               3.81600            -316.59621             205.01165 
           -320.65922               4.13804            -316.52118             222.31315 
           -320.64104               4.47082            -316.17022             240.19176 
           -320.20377               4.21935            -315.98442             226.68158 
           -319.72222               3.83376            -315.88847             205.96589 
           -319.27703               3.97793            -315.29911             213.71132 
           -319.43941               4.25687            -315.18254             228.69743 
           -319.38181               4.12674            -315.25507             221.70600 
           -319.22119               4.13830            -315.08289             222.32698 
           -319.12175               4.47032            -314.65143             240.16474 
           -318.80626               4.38503            -314.42124             235.58248 
           -318.56933               4.34266            -314.22667             233.30616 
           -319.01152               4.70981            -314.30171             253.03140 
           -318.89654               4.52769            -314.36885             243.24683 
           -318.64421               4.56555            -314.07866             245.28083 
           -318.65189               4.80563            -313.84627             258.17891 
           -317.83725               4.21948            -313.61776             226.68879 
           -317.77990               4.35529            -313.42461             233.98484 
           -318.09619               4.69389            -313.40229             252.17618 
           -317.22330               4.41897            -312.80433             237.40605 
           -317.05132               4.47635            -312.57497             240.48874 
           -317.27434               4.81577            -312.45858             258.72363 
           -317.13496               4.66858            -312.46638             250.81608 
           -316.64902               4.45583            -312.19319             239.38634 
           -316.25139               4.45991            -311.79149             239.60544 
           -316.22798               4.56958            -311.65841             245.49720 
           -315.87305               4.49371            -311.37934             241.42144 
           -315.79019               4.53108            -311.25912             243.42885 
           -315.21083               4.54610            -310.66473             244.23605 
           -315.39848               4.78472            -310.61376             257.05571 
           -314.96764               4.43961            -310.52803             238.51486 
           -315.07208               4.88085            -310.19123             262.22027 
           -315.05272               5.12523            -309.92749             275.34945 
           -314.46661               4.45431            -310.01230             239.30471 
           -314.49182               4.61401            -309.87782             247.88436 
           -314.53013               4.85460            -309.67552             260.81006 
           -313.96146               4.60541            -309.35605             247.42264 
           -313.67330               4.42561            -309.24769             237.76278 
           -313.78101               4.82766            -308.95335             259.36246 
           -313.47625               4.61689            -308.85936             248.03894 
           -313.09188               3.97987            -309.11201             213.81591 
           -313.52810               4.47101            -309.05709             240.20204 
           -312.98160               4.43035            -308.55125             238.01738 
           -312.46416               4.35074            -308.11342             233.74023 
           -312.34503               4.56206            -307.78297             245.09330 
           -312.54154               4.76133            -307.78021             255.79917 
           -312.07138               4.64612            -307.42526             249.60972 
           -311.79513               4.42407            -307.37106             237.67989 
           -312.39358               5.08267            -307.31091             273.06279 
           -311.75658               4.59828            -307.15830             247.03928 
           -311.63126               4.49342            -307.13784             241.40579 
           -311.66031               4.26955            -307.39076             229.37840 
           -312.19788               4.69959            -307.49829             252.48229 
           -311.82657               4.19892            -307.62764             225.58428 
           -311.87408               4.48438            -307.38970             240.92000 
           -311.55318               4.41948            -307.13370             237.43360 
           -311.92189               4.48937            -307.43252             241.18849 
