           -522.02443              21.80454            -500.21988            1171.43366 
           -525.22451              21.57471            -503.64980            1159.08624 
           -519.16991              13.65909            -505.51081             733.82511 
           -529.44710              22.25816            -507.18894            1195.80384 
           -528.09915              18.82651            -509.27264            1011.44071 
           -521.54631              11.41864            -510.12768             613.45812 
           -530.34216              18.79284            -511.54932            1009.63194 
           -529.65707              16.54965            -513.10742             889.11848 
           -524.66034              10.39288            -514.26746             558.35014 
           -531.56598              16.77050            -514.79548             900.98302 
           -530.15506              13.87084            -516.28422             745.20091 
           -526.89955               9.25543            -517.64413             497.24120 
           -533.07779              14.69025            -518.38754             789.22351 
           -532.38554              12.83386            -519.55168             689.48998 
           -528.20381               8.58757            -519.61623             461.36135 
           -534.26898              14.36333            -519.90565             771.65991 
           -532.57087              11.81719            -520.75368             634.87000 
           -529.08036               7.86616            -521.21420             422.60378 
           -535.36692              13.24355            -522.12337             711.50036 
           -534.20123              11.74675            -522.45448             631.08571 
           -530.34347               8.11036            -522.23311             435.72355 
           -534.63471              11.80424            -522.83047             634.17424 
           -533.91764              10.42888            -523.48876             560.28423 
           -530.24394               6.64142            -523.60252             356.80545 
           -535.06349              10.85273            -524.21076             583.05513 
           -534.34410               9.71852            -524.62557             522.12089 
           -531.77323               6.81308            -524.96015             366.02778 
           -534.54450               9.38582            -525.15868             504.24655 
           -534.45496               8.75333            -525.70163             470.26642 
           -531.72941               5.93374            -525.79567             318.78603 
           -535.63588               9.78246            -525.85343             525.55549 
           -535.17646               8.42590            -526.75056             452.67544 
           -532.11392               5.30681            -526.80711             285.10455 
           -535.17610               7.82521            -527.35089             420.40413 
           -535.76163               8.23122            -527.53041             442.21663 
           -532.77269               5.03879            -527.73390             270.70544 
           -535.04363               7.34896            -527.69467             394.81749 
           -535.56646               8.09369            -527.47277             434.82762 
           -532.88334               5.43886            -527.44448             292.19877 
           -534.11863               6.41992            -527.69870             344.90587 
           -535.25352               7.66277            -527.59075             411.67707 
           -532.92723               5.60315            -527.32408             301.02505 
           -533.42217               6.27035            -527.15182             336.87022 
           -534.29298               7.10919            -527.18379             381.93606 
           -532.36686               5.28348            -527.08339             283.85097 
           -533.12116               6.11732            -527.00384             328.64884 
           -534.12631               7.24935            -526.87696             389.46643 
           -531.99667               5.33957            -526.65711             286.86438 
           -533.19359               6.13057            -527.06302             329.36039 
           -534.23265               6.84382            -527.38883             367.67963 
           -532.04413               4.43926            -527.60487             238.49625 
           -533.60517               5.88048            -527.72468             315.92486 
           -533.92018               6.35513            -527.56505             341.42510 
           -532.45346               4.90830            -527.54516             263.69474 
           -532.38029               5.25952            -527.12077             282.56404 
           -533.49737               6.28060            -527.21677             337.42090 
           -531.16338               4.35313            -526.81024             233.86902 
           -531.84929               5.17777            -526.67151             278.17218 
           -532.78370               6.07541            -526.70829             326.39709 
           -531.29788               4.66660            -526.63128             250.70987 
           -531.72690               5.06963            -526.65727             272.36239 
           -532.37416               5.85666            -526.51750             314.64494 
           -530.45916               4.35317            -526.10599             233.87102 
           -531.47850               5.33892            -526.13957             286.82986 
           -531.23687               5.33046            -525.90641             286.37532 
           -530.10846               4.05080            -526.05766             217.62640 
           -531.11561               5.26548            -525.85013             282.88446 
           -530.68614               4.80660            -525.87954             258.23123 
           -529.94740               4.17163            -525.77577             224.11771 
           -530.88716               5.42254            -525.46462             291.32203 
           -530.33556               4.88898            -525.44658             262.65695 
           -528.99518               3.93479            -525.06039             211.39375 
           -529.65522               4.96296            -524.69226             266.63155 
           -528.67857               4.25285            -524.42572             228.48132 
           -528.43507               4.34978            -524.08529             233.68902 
           -528.93833               4.75547            -524.18286             255.48418 
           -528.41907               4.34529            -524.07378             233.44755 
           -528.57450               4.86322            -523.71129             261.27295 
           -527.44472               4.11460            -523.33012             221.05418 
           -528.19952               5.11104            -523.08849             274.58675 
           -528.02052               5.14108            -522.87944             276.20091 
           -526.68200               4.20129            -522.48071             225.71129 
           -526.85603               4.89275            -521.96328             262.85950 
           -526.59325               4.67751            -521.91573             251.29618 
           -526.56737               4.46957            -522.09780             240.12461 
           -526.38534               4.40275            -521.98259             236.53460 
           -526.00705               4.17415            -521.83290             224.25320 
           -526.19857               4.61617            -521.58240             248.00064 
           -526.01195               4.92774            -521.08421             264.73915 
           -525.59136               4.67765            -520.91370             251.30366 
           -525.32035               4.84318            -520.47717             260.19653 
           -524.98795               4.63709            -520.35086             249.12442 
           -524.85017               4.55535            -520.29482             244.73307 
           -524.36169               4.41928            -519.94241             237.42277 
           -523.89181               4.00141            -519.89039             214.97319 
           -524.10569               4.70287            -519.40281             252.65850 
           -523.50456               4.50006            -519.00450             241.76238 
           -523.24339               4.41057            -518.83282             236.95470 
           -523.38220               4.49831            -518.88389             241.66858 
           -523.02413               4.42874            -518.59539             237.93100 
           -523.53530               5.00955            -518.52576             269.13430 
           -522.96386               4.55568            -518.40818             244.75093 
           -523.14294               5.05219            -518.09075             271.42541 
           -522.57694               4.09092            -518.48602             219.78161 
           -522.64728               4.32615            -518.32113             232.41926 
           -522.28466               3.77708            -518.50758             202.92069 
           -523.05093               4.39305            -518.65788             236.01354 
           -522.87105               3.98004            -518.89101             213.82486 
           -523.00937               4.06130            -518.94807             218.19063 
           -522.92301               4.27015            -518.65287             229.41067 
           -522.59309               4.19741            -518.39568             225.50283 
           -522.62152               4.07462            -518.54690             218.90609 
           -521.84895               3.61242            -518.23653             194.07470 
           -522.61088               4.50554            -518.10534             242.05691 
           -522.56485               4.20824            -518.35660             226.08499 
           -522.55277               4.22984            -518.32294             227.24493 
           -522.21030               4.19241            -518.01789             225.23409 
           -521.88465               4.00018            -517.88447             214.90684 
           -522.06039               4.34471            -517.71567             233.41671 
           -522.47478               4.72315            -517.75162             253.74794 
           -522.01706               4.50042            -517.51664             241.78187 
           -521.96156               4.32678            -517.63477             232.45336 
           -521.85205               4.43099            -517.42107             238.05161 
           -521.86053               4.19543            -517.66510             225.39667 
           -521.93997               4.24048            -517.69949             227.81705 
           -521.83138               4.29982            -517.53157             231.00470 
           -521.76010               4.54651            -517.21359             244.25802 
           -521.59647               4.38385            -517.21261             235.51930 
           -521.42361               4.34725            -517.07636             233.55296 
           -521.05996               4.20365            -516.85632             225.83797 
           -521.92462               4.72447            -517.20015             253.81868 
           -521.99838               4.48873            -517.50965             241.15407 
           -521.85220               4.67823            -517.17397             251.33476 
           -522.06188               4.46727            -517.59461             240.00095 
           -521.99575               4.60894            -517.38682             247.61180 
           -521.49399               4.16614            -517.32785             223.82302 
           -521.96014               4.87289            -517.08725             261.79260 
           -521.24564               4.12559            -517.12005             221.64445 
           -521.95935               4.49326            -517.46609             241.39739 
           -521.98237               4.72108            -517.26129             253.63694 
           -521.55157               4.43186            -517.11971             238.09838 
           -521.62335               4.17756            -517.44579             224.43639 
           -521.92043               4.59124            -517.32919             246.66111 
           -521.20505               4.08843            -517.11663             219.64777 
           -521.51218               4.21374            -517.29844             226.38027 
           -521.23835               4.08796            -517.15040             219.62255 
           -521.32826               4.52166            -516.80660             242.92306 
           -521.59688               4.71377            -516.88311             253.24400 
           -521.49815               4.41571            -517.08244             237.23080 
           -521.52729               4.73052            -516.79677             254.14389 
           -521.55112               4.92532            -516.62580             264.60929 
           -520.82486               4.05709            -516.76776             217.96450 
           -521.75709               4.76048            -516.99661             255.75360 
           -521.79057               4.93716            -516.85341             265.24539 
           -521.11956               3.89053            -517.22904             209.01574 
           -522.44279               5.13606            -517.30673             275.93145 
           -521.83751               4.24567            -517.59183             228.09581 
           -522.34124               4.54046            -517.80078             243.93274 
           -522.10377               4.22354            -517.88023             226.90687 
           -522.17761               4.27266            -517.90496             229.54559 
           -521.89100               4.32839            -517.56261             232.53951 
           -522.81197               4.88869            -517.92328             262.64131 
           -522.75500               4.91045            -517.84455             263.81030 
           -522.11378               4.25707            -517.85672             228.70794 
           -522.45630               4.71072            -517.74558             253.08013 
           -522.40500               4.54224            -517.86276             244.02871 
           -522.18043               4.55197            -517.62846             244.55136 
           -521.62182               4.05657            -517.56525             217.93654 
           -522.15053               4.57985            -517.57068             246.04926 
           -522.47857               4.78941            -517.68917             257.30746 
           -522.69285               4.83100            -517.86185             259.54224 
           -522.62902               4.61857            -518.01045             248.12925 
           -523.02876               4.48080            -518.54795             240.72789 
           -522.85492               4.29375            -518.56117             230.67874 
           -522.79991               4.34116            -518.45874             233.22592 
           -523.28883               4.99119            -518.29764             268.14824 
           -523.31716               4.76500            -518.55216             255.99611 
           -523.24303               4.98497            -518.25806             267.81389 
           -523.41887               4.79458            -518.62429             257.58548 
           -523.64153               4.75364            -518.88790             255.38572 
           -523.26351               4.65009            -518.61342             249.82290 
           -523.84055               4.83017            -519.01038             259.49749 
           -524.14855               4.75649            -519.39206             255.53903 
           -524.36751               4.70522            -519.66229             252.78448 
           -524.22508               4.24523            -519.97985             228.07213 
           -524.65093               4.37161            -520.27932             234.86169 
           -524.62322               3.98441            -520.63882             214.05945 
           -525.13401               4.48859            -520.64542             241.14635 
           -525.35596               4.12919            -521.22678             221.83758 
           -525.70406               4.06146            -521.64260             218.19883 
           -526.06463               3.75155            -522.31307             201.54964 
           -526.61193               4.10908            -522.50284             220.75767 
           -526.77536               4.21202            -522.56334             226.28784 
           -526.92889               4.19805            -522.73084             225.53728 
           -527.10860               4.49344            -522.61516             241.40671 
           -527.57221               4.56986            -523.00235             245.51224 
           -527.79765               4.28088            -523.51678             229.98700 
           -527.89892               4.02941            -523.86950             216.47727 
           -528.29397               4.50913            -523.78484             242.24978 
           -528.93474               4.42453            -524.51021             237.70494 
           -528.69207               4.35488            -524.33719             233.96308 
           -528.93859               4.42756            -524.51103             237.86754 
           -529.41740               4.37943            -525.03797             235.28183 
           -529.74248               4.63956            -525.10292             249.25715 
           -530.28329               4.62213            -525.66116             248.32071 
           -529.52464               4.06565            -525.45898             218.42434 
           -530.35238               4.68150            -525.67088             251.51033 
           -530.45014               4.47827            -525.97188             240.59169 
           -530.85700               4.51090            -526.34610             242.34502 
           -531.22713               4.83854            -526.38859             259.94737 
           -531.27612               4.22291            -527.05320             226.87299 
           -531.46846               4.12824            -527.34022             221.78668 
           -531.76321               4.06501            -527.69820             218.38977 
           -532.61211               4.39001            -528.22210             235.85026 
           -532.34263               3.87019            -528.47244             207.92326 
           -532.74199               4.02249            -528.71950             216.10540 
           -533.05892               4.32520            -528.73371             232.36854 
           -533.16725               3.93820            -529.22905             211.57693 
           -533.84019               4.32887            -529.51132             232.56539 
           -533.73057               4.43094            -529.29963             238.04933 
           -533.56082               4.26087            -529.29995             228.91214 
           -533.61896               3.93509            -529.68387             211.41004 
           -533.83558               3.93538            -529.90020             211.42549 
           -533.87229               4.16639            -529.70589             223.83656 
           -534.33963               4.57904            -529.76059             246.00564 
           -534.64279               4.84256            -529.80023             260.16319 
           -534.10696               4.10197            -530.00500             220.37520 
           -534.69605               4.39116            -530.30489             235.91204 
           -534.46786               4.57629            -529.89158             245.85770 
           -534.68078               4.62681            -530.05397             248.57201 
           -535.64544               5.33339            -530.31205             286.53249 
           -535.28928               5.00691            -530.28237             268.99268 
           -535.61823               4.99267            -530.62555             268.22793 
           -535.99907               4.99090            -531.00817             268.13274 
           -535.70100               4.56967            -531.13133             245.50232 
           -535.99776               4.60970            -531.38806             247.65286 
           -536.16260               4.71115            -531.45145             253.10347 
           -536.09420               4.55049            -531.54371             244.47212 
           -535.96062               4.16236            -531.79826             223.61998 
           -536.76066               4.83488            -531.92577             259.75068 
           -537.03322               4.83157            -532.20166             259.57242 
           -536.58295               4.39435            -532.18860             236.08348 
           -536.81674               4.37253            -532.44420             234.91123 
           -537.10099               4.56516            -532.53582             245.26015 
           -537.32161               4.70869            -532.61292             252.97082 
           -537.46478               4.79848            -532.66630             257.79508 
           -537.84576               5.01082            -532.83493             269.20293 
           -537.78280               4.79017            -532.99264             257.34845 
           -537.98056               4.82693            -533.15363             259.32358 
           -537.84708               4.29994            -533.54714             231.01121 
           -537.97457               4.31760            -533.65697             231.96007 
           -537.73972               4.41523            -533.32449             237.20499 
           -537.45131               4.24734            -533.20397             228.18525 
           -537.97879               4.91968            -533.05911             264.30624 
           -537.94353               4.78930            -533.15423             257.30150 
           -537.90960               4.56593            -533.34368             245.30117 
           -538.18178               4.86170            -533.32007             261.19164 
           -538.09858               4.57202            -533.52656             245.62857 
           -538.10776               4.93136            -533.17640             264.93390 
           -537.99620               4.98029            -533.01591             267.56252 
           -538.24766               5.34379            -532.90388             287.09120 
           -538.56810               5.32638            -533.24172             286.15627 
           -538.63596               4.95623            -533.67972             266.27021 
           -538.66342               4.89243            -533.77098             262.84252 
           -538.71344               4.44358            -534.26987             238.72794 
           -539.24617               5.05975            -534.18642             271.83156 
           -539.36493               4.86997            -534.49496             261.63553 
           -539.01021               4.37130            -534.63890             234.84516 
           -538.90454               4.19163            -534.71291             225.19244 
           -539.17399               4.79734            -534.37665             257.73395 
           -539.22226               4.92737            -534.29489             264.71970 
           -538.72808               4.17038            -534.55770             224.05050 
           -539.36879               4.65009            -534.71871             249.82257 
           -539.20191               4.78373            -534.41818             257.00255 
           -539.19785               4.51349            -534.68436             242.48433 
           -539.41848               4.27008            -535.14840             229.40696 
           -540.29037               4.60592            -535.68445             247.44985 
           -539.97875               4.31567            -535.66309             231.85611 
           -539.81001               4.25393            -535.55608             228.53954 
           -539.61647               3.76691            -535.84957             202.37440 
           -539.71996               3.94035            -535.77962             211.69236 
           -539.66286               4.06185            -535.60101             218.22001 
           -539.49173               3.98926            -535.50247             214.32008 
           -539.73525               4.30146            -535.43379             231.09275 
           -539.39330               3.99203            -535.40127             214.46922 
           -539.69090               4.59045            -535.10044             246.61891 
           -539.76686               4.70972            -535.05714             253.02662 
           -539.30101               4.20552            -535.09549             225.93861 
           -539.72051               4.73046            -534.99005             254.14055 
           -539.53370               4.78583            -534.74787             257.11516 
           -538.81585               3.84087            -534.97498             206.34803 
           -539.39106               4.63242            -534.75864             248.87368 
           -539.03137               4.30745            -534.72392             231.41471 
           -538.94228               4.02306            -534.91922             216.13617 
           -538.41463               3.69585            -534.71878             198.55678 
           -538.71540               4.01881            -534.69659             215.90758 
           -538.94078               4.29919            -534.64158             230.97113 
           -538.99618               4.32116            -534.67503             232.15117 
           -538.68432               4.19222            -534.49210             225.22391 
           -538.35231               4.18484            -534.16747             224.82771 
           -538.95686               4.85806            -534.09879             260.99596 
           -538.17075               4.39058            -533.78017             235.88065 
           -537.93597               4.41667            -533.51930             237.28250 
           -538.23562               4.92891            -533.30670             264.80247 
           -537.72660               4.59414            -533.13246             246.81676 
           -537.29273               4.37635            -532.91638             235.11626 
           -536.98218               4.01076            -532.97142             215.47549 
           -537.85917               4.85530            -533.00387             260.84764 
           -537.70189               4.61776            -533.08413             248.08565 
           -537.32703               4.41105            -532.91598             236.98054 
           -536.98057               4.37218            -532.60839             234.89240 
           -537.27472               4.65122            -532.62350             249.88370 
           -537.28515               4.63236            -532.65279             248.87015 
           -536.83429               4.31803            -532.51626             231.98314 
           -536.93936               4.34812            -532.59125             233.59942 
           -536.98787               4.43599            -532.55188             238.32066 
           -537.07950               4.61027            -532.46924             247.68330 
           -536.60712               4.29742            -532.30970             230.87560 
           -536.64157               4.10462            -532.53695             220.51781 
           -536.05967               3.81889            -532.24079             205.16691 
           -536.26344               4.02566            -532.23778             216.27592 
           -536.36692               3.99830            -532.36861             214.80601 
           -535.88425               3.84878            -532.03547             206.77300 
           -535.57124               3.72585            -531.84539             200.16865 
           -535.63631               4.10166            -531.53465             220.35885 
           -535.39220               4.18067            -531.21153             224.60337 
           -535.13663               4.23434            -530.90230             227.48670 
           -535.05256               4.30393            -530.74863             231.22567 
           -534.58304               4.09735            -530.48569             220.12739 
           -534.68710               4.16929            -530.51782             223.99195 
           -534.83859               4.00699            -530.83159             215.27294 
           -534.54804               4.25854            -530.28950             228.78679 
           -534.53083               4.19044            -530.34039             225.12820 
           -533.76777               3.49025            -530.27752             187.51104 
           -533.78264               3.65037            -530.13227             196.11334 
           -533.51043               3.71846            -529.79198             199.77147 
           -533.39004               3.70371            -529.68633             198.97926 
           -533.15998               3.75760            -529.40238             201.87458 
           -532.81258               3.74886            -529.06372             201.40491 
           -532.97050               4.20424            -528.76626             225.86994 
           -532.35157               3.96661            -528.38496             213.10331 
           -531.92024               4.07789            -527.84235             219.08184 
           -531.69303               3.89255            -527.80048             209.12437 
           -531.45990               3.89224            -527.56766             209.10787 
           -531.62235               4.54330            -527.07904             244.08585 
           -530.88543               4.20293            -526.68251             225.79920 
           -530.86485               4.37367            -526.49119             234.97217 
           -530.71575               4.77079            -525.94496             256.30722 
           -530.17100               4.68449            -525.48651             251.67115 
           -529.83293               4.25983            -525.57310             228.85612 
           -529.55760               4.42989            -525.12771             237.99263 
           -529.24016               4.41696            -524.82320             237.29784 
           -528.85508               4.45290            -524.40218             239.22908 
           -528.58916               4.15089            -524.43828             223.00339 
           -528.25312               4.13882            -524.11431             222.35498 
           -528.32533               4.58730            -523.73804             246.44924 
           -528.18622               4.24293            -523.94329             227.94866 
           -527.74489               4.00096            -523.74393             214.94879 
           -527.66712               4.43185            -523.23527             238.09804 
           -527.44473               4.45510            -522.98964             239.34694 
           -527.05932               4.06895            -522.99037             218.60131 
           -527.18161               4.51307            -522.66854             242.46152 
           -526.12329               3.88711            -522.23617             208.83238 
           -526.56294               4.59570            -521.96724             246.90080 
           -526.23264               4.34411            -521.88852             233.38443 
           -525.56330               3.90567            -521.65763             209.82920 
           -525.88952               4.32458            -521.56494             232.33501 
           -525.50908               4.30700            -521.20208             231.39071 
           -524.88403               3.85315            -521.03089             207.00772 
           -525.17171               4.16652            -521.00519             223.84348 
           -524.93893               4.38353            -520.55540             235.50219 
           -524.40451               4.00760            -520.39691             215.30553 
           -524.38507               4.17962            -520.20544             224.54740 
           -524.35943               4.22538            -520.13405             227.00530 
           -523.97008               4.13962            -519.83047             222.39796 
           -523.94359               4.26975            -519.67384             229.38919 
           -523.61304               4.24806            -519.36498             228.22393 
           -523.54710               3.99283            -519.55427             214.51193 
           -523.44229               3.68479            -519.75750             197.96298 
           -523.12287               4.00297            -519.11990             215.05655 
           -522.96409               3.94140            -519.02269             211.74882 
           -523.18741               4.23270            -518.95472             227.39860 
           -523.47371               4.59670            -518.87701             246.95455 
           -522.73603               4.03924            -518.69679             217.00540 
           -523.10774               4.52268            -518.58506             242.97788 
           -522.84476               4.31502            -518.52975             231.82114 
           -522.80941               4.27896            -518.53045             229.88391 
           -522.72042               4.27068            -518.44974             229.43929 
           -522.13972               3.83384            -518.30588             205.97050 
           -522.41670               4.26219            -518.15451             228.98308 
           -521.70253               4.06019            -517.64234             218.13058 
           -522.39708               4.51853            -517.87855             242.75503 
           -521.86537               4.14145            -517.72391             222.49655 
           -522.14955               4.51881            -517.63074             242.76973 
           -521.75385               4.17132            -517.58254             224.10099 
           -522.38949               4.49173            -517.89776             241.31488 
           -521.86731               4.08058            -517.78673             219.22625 
           -522.55098               4.29784            -518.25314             230.89818 
           -522.69004               4.14185            -518.54818             222.51822 
           -522.34320               3.98382            -518.35938             214.02812 
           -522.08456               3.84276            -518.24180             206.44957 
           -522.21860               4.12947            -518.08912             221.85303 
           -521.97187               3.76354            -518.20833             202.19336 
           -522.20217               3.66968            -518.53249             197.15102 
           -522.14458               3.73096            -518.41362             200.44295 
           -522.36318               3.95760            -518.40558             212.61933 
           -522.09489               3.47364            -518.62126             186.61861 
           -522.69226               4.08532            -518.60695             219.48075 
           -522.40135               3.84606            -518.55530             206.62674 
           -521.89347               3.39193            -518.50154             182.22913 
           -522.12871               3.48802            -518.64070             187.39115 
           -522.45154               3.91668            -518.53486             210.42081 
           -522.07274               3.75505            -518.31769             201.73747 
           -522.33499               3.91012            -518.42487             210.06846 
           -522.12907               4.05792            -518.07115             218.00878 
           -522.32615               4.38598            -517.94017             235.63372 
           -522.04707               3.92595            -518.12111             210.91903 
           -522.09286               3.60469            -518.48818             193.65931 
           -522.53998               4.06461            -518.47536             218.36856 
           -522.19110               3.75010            -518.44101             201.47128 
           -522.14833               3.78282            -518.36551             203.22908 
           -522.54185               4.29491            -518.24694             230.74090 
           -522.04825               4.05722            -517.99103             217.97129 
           -522.35172               4.62813            -517.72359             248.64292 
           -522.05107               4.29109            -517.75999             230.53552 
           -521.88739               4.24804            -517.63934             228.22302 
           -521.64308               4.31297            -517.33011             231.71143 
           -521.91963               4.25469            -517.66494             228.58029 
           -521.81103               3.76936            -518.04167             202.50643 
           -522.11615               3.83537            -518.28078             206.05259 
           -522.12377               3.85311            -518.27066             207.00549 
           -521.69822               3.61354            -518.08469             194.13473 
           -522.00620               4.08484            -517.92136             219.45490 
           -522.09827               4.23800            -517.86027             227.68373 
           -522.36959               4.66240            -517.70720             250.48390 
           -522.38596               4.69105            -517.69491             252.02342 
           -522.38528               4.45875            -517.92652             239.54344 
           -522.62528               4.40701            -518.21826             236.76364 
           -522.52159               4.16000            -518.36159             223.49300 
           -522.28476               4.02997            -518.25479             216.50754 
           -522.60858               4.08879            -518.51979             219.66726 
           -522.84323               4.20987            -518.63336             226.17210 
           -522.60238               4.04930            -518.55308             217.54588 
           -522.88322               4.35644            -518.52678             234.04677 
           -522.76194               3.78426            -518.97767             203.30681 
           -522.99377               3.79990            -519.19387             204.14689 
           -523.28053               3.87236            -519.40817             208.03986 
           -523.04818               3.79620            -519.25198             203.94837 
           -522.98362               3.78215            -519.20146             203.19355 
           -523.58262               4.25286            -519.32976             228.48214 
           -523.74923               4.10418            -519.64505             220.49435 
           -523.80684               4.08946            -519.71738             219.70334 
           -523.53516               3.87845            -519.65671             208.36678 
           -523.87821               4.29891            -519.57930             230.95616 
           -523.91896               4.29638            -519.62258             230.82000 
           -523.90080               4.23573            -519.66507             227.56157 
           -523.79632               4.14494            -519.65138             222.68382 
           -523.94714               4.42656            -519.52059             237.81366 
           -524.19953               4.65292            -519.54660             249.97494 
           -523.73301               3.76871            -519.96430             202.47109 
           -523.89221               4.10528            -519.78693             220.55322 
           -524.63093               4.44544            -520.18549             238.82812 
           -524.75616               4.09087            -520.66529             219.77904 
           -524.96748               4.35076            -520.61672             233.74148 
           -524.73283               4.13055            -520.60228             221.91068 
           -525.21161               4.27151            -520.94010             229.48367 
           -525.61213               4.61137            -521.00076             247.74256 
           -525.80278               4.45273            -521.35005             239.21983 
           -525.63810               4.29635            -521.34175             230.81841 
           -526.00298               4.51917            -521.48381             242.78938 
           -526.45341               4.55077            -521.90265             244.48667 
           -526.69903               4.54145            -522.15758             243.98635 
           -526.85520               4.45941            -522.39578             239.57869 
           -526.67528               4.20404            -522.47124             225.85927 
           -527.68413               5.15118            -522.53295             276.74362 
           -528.31687               5.14446            -523.17241             276.38273 
           -528.04868               4.54794            -523.50074             244.33473 
           -528.37324               4.70281            -523.67044             252.65509 
           -528.62665               4.76681            -523.85985             256.09329 
           -528.85390               4.93462            -523.91928             265.10885 
           -529.14636               4.99577            -524.15059             268.39431 
           -529.23400               4.81832            -524.41568             258.86079 
           -529.43503               4.72247            -524.71256             253.71117 
           -529.85064               4.63912            -525.21152             249.23343 
           -530.17783               4.73103            -525.44680             254.17134 
           -530.41691               4.47345            -525.94346             240.33293 
           -530.51066               4.25150            -526.25917             228.40872 
           -531.03767               4.16267            -526.87499             223.63660 
           -530.96786               4.00108            -526.96677             214.95537 
           -531.89266               4.46485            -527.42781             239.87107 
           -532.45571               4.66033            -527.79538             250.37283 
           -531.96922               4.25484            -527.71438             228.58829 
           -532.33093               4.69971            -527.63122             252.48843 
           -532.59194               4.76860            -527.82334             256.18965 
           -532.61569               4.65343            -527.96226             250.00240 
           -532.95765               4.82925            -528.12840             259.44807 
           -532.79429               4.71957            -528.07472             253.55577 
           -533.10950               4.72192            -528.38758             253.68190 
           -532.56191               4.34981            -528.21209             233.69066 
           -533.61552               4.97969            -528.63583             267.53056 
           -533.57279               4.87250            -528.70029             261.77160 
           -533.51649               4.92442            -528.59207             264.56115 
           -533.95518               5.23579            -528.71939             281.28903 
           -533.80688               4.96027            -528.84662             266.48692 
           -533.91319               4.93703            -528.97616             265.23844 
           -534.55197               5.45876            -529.09321             293.26795 
           -534.02109               4.67841            -529.34268             251.34438 
           -533.73193               4.15419            -529.57773             223.18096 
           -534.41354               4.79273            -529.62081             257.48602 
           -534.84537               4.81759            -530.02778             258.82136 
           -534.61403               4.43881            -530.17523             238.47175 
           -535.38837               4.96667            -530.42170             266.83069 
           -535.56423               5.05739            -530.50685             271.70461 
           -535.60478               4.96579            -530.63900             266.78345 
           -535.35372               4.49000            -530.86373             241.22185 
           -535.64884               4.55816            -531.09068             244.88393 
           -535.75365               4.47762            -531.27604             240.55683 
           -536.13374               4.59295            -531.54079             246.75310 
           -536.66569               4.98587            -531.67982             267.86260 
           -536.47708               4.52836            -531.94872             243.28303 
           -536.71980               4.52158            -532.19822             242.91895 
           -536.99959               4.37312            -532.62647             234.94271 
           -537.40805               4.81124            -532.59681             258.48072 
           -537.11653               4.29668            -532.81985             230.83627 
           -537.57743               4.50405            -533.07338             241.97708 
           -537.62033               4.74494            -532.87539             254.91849 
           -537.38771               4.59440            -532.79332             246.83066 
           -537.49768               4.32737            -533.17031             232.48481 
           -538.04458               4.73133            -533.31325             254.18751 
           -538.03177               4.68552            -533.34625             251.72614 
           -537.94768               4.38442            -533.56326             235.55000 
           -538.16456               4.44099            -533.72356             238.58923 
           -538.50936               4.68202            -533.82734             251.53837 
           -538.72921               4.82826            -533.90094             259.39509 
           -538.31311               4.64299            -533.67012             249.44110 
           -538.32903               4.50182            -533.82721             241.85691 
           -538.23724               4.32371            -533.91353             232.28805 
           -538.40307               4.56188            -533.84119             245.08396 
           -538.40351               4.23400            -534.16951             227.46859 
           -538.96029               4.45598            -534.50432             239.39415 
           -538.85271               4.14800            -534.70471             222.84864 
           -538.78659               4.13891            -534.64769             222.35988 
           -539.44437               4.86379            -534.58059             261.30355 
           -539.53698               4.81809            -534.71889             258.84852 
           -539.63066               4.96768            -534.66298             266.88494 
           -538.85784               4.01503            -534.84280             215.70486 
           -539.22274               4.02595            -535.19678             216.29154 
           -539.73436               4.51874            -535.21563             242.76590 
           -539.75318               4.37444            -535.37874             235.01373 
           -539.19715               4.05405            -535.14311             217.80075 
           -539.75781               4.52256            -535.23525             242.97120 
           -539.48897               4.37869            -535.11028             235.24196 
           -539.41912               4.32234            -535.09678             232.21466 
           -539.40632               4.36217            -535.04415             234.35467 
           -539.55211               4.34683            -535.20528             233.53028 
           -539.06109               4.20191            -534.85918             225.74461 
           -539.55053               5.06846            -534.48208             272.29922 
           -539.35115               4.73545            -534.61570             254.40870 
           -538.68935               4.00373            -534.68561             215.09764 
           -538.91301               4.45655            -534.45647             239.42480 
           -538.64878               4.24634            -534.40244             228.13164 
           -539.11324               4.72324            -534.39000             253.75294 
           -539.01492               4.70746            -534.30746             252.90515 
           -539.06599               4.64891            -534.41708             249.75928 
           -538.96166               4.46768            -534.49399             240.02274 
           -538.82165               4.27073            -534.55092             229.44187 
           -539.34677               4.53238            -534.81438             243.49908 
           -539.05611               4.31563            -534.74048             231.85433 
           -539.31364               4.66577            -534.64788             250.66496 
           -538.72586               4.44523            -534.28062             238.81710 
           -538.65763               4.37840            -534.27923             235.22630 
           -538.82050               4.36252            -534.45798             234.37323 
           -538.88883               4.56731            -534.32152             245.37537 
           -538.48642               4.36051            -534.12590             234.26552 
           -538.64628               4.58429            -534.06199             246.28766 
           -538.32347               4.77361            -533.54986             256.45894 
           -538.36894               4.56696            -533.80198             245.35678 
           -538.60240               4.86024            -533.74217             261.11271 
           -538.41960               4.35152            -534.06807             233.78241 
           -538.38382               4.90913            -533.47470             263.73942 
           -538.42250               4.56315            -533.85935             245.15207 
           -538.38311               4.45067            -533.93243             239.10936 
           -537.88897               4.09202            -533.79695             219.84080 
           -537.82798               4.33321            -533.49478             232.79842 
           -537.29513               3.98761            -533.30753             214.23129 
           -537.80408               4.78947            -533.01461             257.31107 
           -537.38872               4.44157            -532.94714             238.62034 
           -537.44811               4.78617            -532.66194             257.13348 
           -537.09850               4.84566            -532.25284             260.32959 
           -536.42162               4.32921            -532.09241             232.58378 
           -536.42160               4.37066            -532.05094             234.81062 
           -536.17275               4.34623            -531.82651             233.49834 
           -536.79071               4.94474            -531.84597             265.65253 
           -536.41159               4.61212            -531.79947             247.78276 
           -536.57325               4.83997            -531.73328             260.02423 
           -536.07446               4.61239            -531.46207             247.79753 
           -536.03920               4.35820            -531.68101             234.14102 
           -535.86776               4.41775            -531.45001             237.34072 
           -535.99937               4.72996            -531.26940             254.11397 
           -535.37030               4.28826            -531.08204             230.38391 
           -535.52940               4.79279            -530.73662             257.48909 
           -535.30405               4.59344            -530.71061             246.77918 
           -534.86184               4.30803            -530.55381             231.44609 
           -534.88778               4.54905            -530.33873             244.39432 
           -535.15928               4.52829            -530.63098             243.27929 
           -535.02003               4.66622            -530.35381             250.68936 
           -534.55306               4.37393            -530.17914             234.98621 
           -534.25887               4.17733            -530.08154             224.42425 
           -534.25819               4.08122            -530.17697             219.26081 
           -534.11452               3.94885            -530.16566             212.14939 
           -534.15775               4.08897            -530.06878             219.67689 
           -533.86597               4.13436            -529.73161             222.11563 
           -533.71580               4.42979            -529.28601             237.98735 
           -533.41603               4.33819            -529.07783             233.06633 
           -532.88830               4.01097            -528.87733             215.48645 
           -532.83801               4.33605            -528.50196             232.95119 
           -532.88295               4.11946            -528.76349             221.31524 
           -532.56340               4.02077            -528.54263             216.01317 
           -532.02048               3.82702            -528.19346             205.60397 
           -532.24882               4.10116            -528.14766             220.33167 
           -531.63175               4.13398            -527.49777             222.09529 
           -531.68950               3.88800            -527.80151             208.87998 
           -531.16679               4.09273            -527.07406             219.87897 
           -530.96889               4.05194            -526.91695             217.68750 
           -530.85511               4.10201            -526.75310             220.37775 
           -530.30390               3.77289            -526.53101             202.69578 
           -530.45983               4.02324            -526.43659             216.14592 
           -530.43976               4.13373            -526.30603             222.08192 
           -529.95430               3.75608            -526.19823             201.79261 
           -529.87499               4.01731            -525.85768             215.82733 
           -529.49449               3.77487            -525.71962             202.80227 
           -529.19774               3.88218            -525.31556             208.56747 
           -528.95170               4.15258            -524.79912             223.09427 
           -528.60018               4.08216            -524.51802             219.31112 
           -528.15001               3.79731            -524.35270             204.00785 
           -528.00800               4.01807            -523.98992             215.86805 
           -527.88491               4.38114            -523.50377             235.37345 
           -527.57279               4.04154            -523.53125             217.12886 
           -527.56947               4.14514            -523.42433             222.69482 
           -527.28286               4.02833            -523.25453             216.41898 
           -527.30177               4.40549            -522.89628             236.68194 
           -526.90452               4.13537            -522.76914             222.17009 
           -526.66701               4.10630            -522.56072             220.60796 
           -526.38191               4.08187            -522.30005             219.29536 
           -525.64437               3.73321            -521.91116             200.56407 
           -525.34743               3.66424            -521.68318             196.85895 
           -525.28067               3.90647            -521.37420             209.87218 
           -525.01908               3.94461            -521.07447             211.92153 
           -524.93770               4.32068            -520.61702             232.12568 
           -524.44905               4.08251            -520.36653             219.33023 
           -524.60860               4.13949            -520.46911             222.39127 
           -524.49224               4.05249            -520.43976             217.71691 
           -523.65843               3.68287            -519.97556             197.85968 
           -523.97950               4.45348            -519.52602             239.25981 
           -523.57936               3.95411            -519.62525             212.43164 
           -523.66906               4.58469            -519.08438             246.30920 
           -522.74942               3.92918            -518.82024             211.09256 
           -523.62508               4.67197            -518.95311             250.99831 
           -522.75240               3.86358            -518.88881             207.56826 
           -523.23039               4.76285            -518.46754             255.88070 
           -522.92496               4.39026            -518.53471             235.86339 
           -522.27870               3.93246            -518.34623             211.26878 
           -522.70158               4.19615            -518.50542             225.43544 
           -522.51283               3.90344            -518.60939             209.70959 
           -522.47432               3.97510            -518.49922             213.55970 
           -522.60831               3.93316            -518.67514             211.30640 
