           -733.42664              31.15512            -702.27152            1673.78682 
           -736.75595              29.73725            -707.01870            1597.61296 
           -735.42841              26.01423            -709.41417            1397.59638 
           -736.57980              24.28808            -712.29172            1304.85991 
           -734.16485              18.80885            -715.35599            1010.49238 
           -741.11652              23.64342            -717.47310            1270.22622 
           -743.71141              24.31532            -719.39609            1306.32353 
           -737.36426              16.29859            -721.06567             875.63050 
           -738.82289              15.90939            -722.91350             854.72066 
           -739.63280              15.33135            -724.30145             823.66618 
           -746.17326              21.17242            -725.00084            1137.47316 
           -747.68333              21.24314            -726.44018            1141.27291 
           -741.96006              14.68031            -727.27975             788.68932 
           -743.11893              14.51493            -728.60399             779.80450 
           -742.58237              13.10713            -729.47524             704.17138 
           -747.50127              16.50609            -730.99518             886.77781 
           -748.72359              16.93805            -731.78555             909.98452 
           -743.29945              11.06074            -732.23871             594.23058 
           -744.29104              10.68154            -733.60949             573.85823 
           -745.61956              11.19212            -734.42744             601.28867 
           -750.36639              15.29285            -735.07353             821.59768 
           -750.25273              14.76809            -735.48464             793.40524 
           -745.89006               9.93909            -735.95098             533.97041 
           -746.42067               9.91515            -736.50552             532.68447 
           -746.99577               9.91534            -737.08044             532.69461 
           -751.52338              14.07610            -737.44729             756.22828 
           -752.07325              13.92195            -738.15130             747.94698 
           -747.50084               9.35726            -738.14357             502.71240 
           -747.12161               8.43348            -738.68813             453.08297 
           -748.21178               9.25737            -738.95441             497.34560 
           -753.25339              13.57606            -739.67733             729.36399 
           -752.41897              12.37090            -740.04807             664.61790 
           -748.79595               8.08289            -740.71305             434.24781 
           -747.70842               6.77930            -740.92912             364.21308 
           -748.75916               7.04464            -741.71452             378.46855 
           -752.14692              10.15715            -741.98977             545.68572 
           -753.01880              10.84578            -742.17302             582.68208 
           -749.69802               7.41950            -742.27852             398.60752 
           -749.73866               7.26802            -742.47064             390.46931 
           -749.86355               6.98716            -742.87639             375.38036 
           -752.97342               9.83973            -743.13369             528.63263 
           -752.84997               9.80103            -743.04894             526.55339 
           -750.62045               7.69819            -742.92226             413.57984 
           -749.60814               6.40042            -743.20773             343.85802 
           -749.15597               5.50213            -743.65383             295.59827 
           -752.86901               9.37244            -743.49657             503.52751 
           -753.29272               9.71123            -743.58148             521.72907 
           -750.35602               6.99109            -743.36493             375.59147 
           -749.77151               6.29778            -743.47372             338.34391 
           -748.98323               5.49799            -743.48524             295.37573 
           -751.60498               8.09409            -743.51089             434.84908 
           -752.01874               8.30439            -743.71434             446.14773 
           -751.52159               7.92711            -743.59447             425.87858 
           -749.99288               6.06229            -743.93059             325.69246 
           -748.26707               4.50539            -743.76167             242.04912 
           -751.46687               7.82843            -743.63845             420.57674 
           -752.06467               8.46882            -743.59584             454.98148 
           -750.71418               7.63027            -743.08391             409.93101 
           -749.90225               6.51625            -743.38600             350.08091 
           -748.28723               4.77386            -743.51337             256.47219 
           -750.70160               7.30912            -743.39248             392.67714 
           -751.39582               7.53955            -743.85627             405.05690 
           -750.71316               6.72033            -743.99283             361.04487 
           -749.17171               5.50304            -743.66867             295.64700 
           -748.50262               4.99615            -743.50647             268.41454 
           -750.19614               7.08420            -743.11195             380.59338 
           -750.81056               7.40335            -743.40720             397.74001 
           -750.53341               7.12552            -743.40789             382.81347 
           -749.40868               6.16695            -743.24174             331.31494 
           -747.60083               4.38346            -743.21738             235.49804 
           -749.49168               6.45899            -743.03269             347.00454 
           -749.91454               7.09435            -742.82019             381.13895 
           -748.74439               6.05868            -742.68571             325.49830 
           -747.90698               5.08476            -742.82222             273.17537 
           -747.50072               4.75099            -742.74972             255.24359 
           -748.98018               6.39253            -742.58765             343.43432 
           -749.43836               6.83839            -742.59997             367.38750 
           -748.16731               5.73951            -742.42780             308.35107 
           -747.02018               4.54558            -742.47460             244.20831 
           -746.55961               4.38894            -742.17067             235.79287 
           -748.41452               6.01081            -742.40372             322.92640 
           -749.04432               6.53775            -742.50657             351.23584 
           -747.53067               5.36415            -742.16652             288.18505 
           -746.92952               5.11379            -741.81573             274.73475 
           -746.70538               5.18861            -741.51677             278.75438 
           -747.70510               6.31537            -741.38974             339.28863 
           -747.25223               6.29241            -740.95981             338.05534 
           -745.69111               5.10068            -740.59043             274.03032 
           -745.58809               5.15388            -740.43421             276.88879 
           -745.11716               5.25688            -739.86028             282.42234 
           -746.47481               6.64878            -739.82603             357.20125 
           -746.00565               5.71248            -740.29317             306.89905 
           -745.22953               4.87546            -740.35407             261.93080 
           -745.27023               5.31341            -739.95682             285.45930 
           -745.31354               5.53808            -739.77545             297.52946 
           -745.92386               5.93668            -739.98718             318.94371 
           -745.48403               5.34260            -740.14143             287.02735 
           -744.07400               3.95515            -740.11886             212.48739 
           -745.38336               5.36746            -740.01590             288.36304 
           -745.14623               5.46113            -739.68510             293.39519 
           -744.65735               4.69729            -739.96006             252.35854 
           -744.02826               4.22486            -739.80340             226.97760 
           -744.13773               4.48253            -739.65520             240.82052 
           -744.85265               5.35840            -739.49425             287.87624 
           -744.59571               5.72284            -738.87287             307.45554 
           -742.69742               4.22707            -738.47035             227.09637 
           -743.30923               5.24538            -738.06385             281.80424 
           -743.68114               5.96400            -737.71714             320.41173 
           -742.83010               5.23993            -737.59017             281.51177 
           -741.87379               4.68681            -737.18698             251.79550 
           -741.84147               4.68447            -737.15700             251.66992 
           -742.51091               5.17024            -737.34067             277.76765 
           -742.39939               5.25117            -737.14822             282.11530 
           -741.34737               4.09181            -737.25556             219.82957 
           -741.96314               5.04132            -736.92182             270.84157 
           -741.88623               5.26233            -736.62389             282.71511 
           -740.86482               5.03392            -735.83090             270.44362 
           -740.03501               4.30312            -735.73189             231.18219 
           -740.38947               5.14214            -735.24733             276.25801 
           -740.56983               5.26233            -735.30750             282.71499 
           -740.08872               4.69990            -735.38882             252.49878 
           -739.89216               4.91482            -734.97734             264.04542 
           -739.93124               5.38356            -734.54769             289.22773 
           -738.96828               4.80311            -734.16517             258.04346 
           -738.77045               4.76316            -734.00729             255.89720 
           -739.39441               5.60703            -733.78737             301.23396 
           -738.47478               4.71061            -733.76416             253.07439 
           -738.26272               4.68203            -733.58069             251.53891 
           -738.25792               5.15523            -733.10269             276.96110 
           -737.77549               4.96901            -732.80648             266.95646 
           -737.49332               5.19267            -732.30065             278.97233 
           -737.21094               5.05294            -732.15801             271.46555 
           -737.30903               5.04474            -732.26428             271.02532 
           -736.95685               4.84817            -732.10868             260.46440 
           -736.82971               4.92695            -731.90276             264.69702 
           -736.15582               4.27078            -731.88504             229.44466 
           -736.55541               4.85257            -731.70284             260.70086 
           -735.94515               4.59982            -731.34533             247.12233 
           -735.50484               4.18558            -731.31926             224.86711 
           -735.52805               4.41965            -731.10840             237.44245 
           -735.68523               4.73387            -730.95135             254.32406 
           -735.60492               4.67501            -730.92992             251.16135 
           -735.54703               4.39444            -731.15260             236.08805 
           -735.03759               3.87328            -731.16431             208.08929 
           -735.32324               4.29197            -731.03127             230.58308 
           -734.84614               4.09352            -730.75262             219.92133 
           -734.89542               3.90919            -730.98623             210.01858 
           -734.67678               4.08548            -730.59130             219.48959 
           -734.43290               4.00037            -730.43253             214.91717 
           -734.32795               4.09752            -730.23043             220.13641 
           -734.03711               4.59118            -729.44593             246.65814 
           -733.45003               3.97358            -729.47645             213.47759 
           -733.98052               4.62758            -729.35294             248.61365 
           -733.78655               4.51105            -729.27550             242.35311 
           -733.68155               4.14502            -729.53653             222.68807 
           -734.31871               4.81994            -729.49877             258.94778 
           -733.87624               4.56130            -729.31495             245.05244 
           -733.66105               4.48242            -729.17863             240.81481 
           -733.92194               5.08245            -728.83948             273.05115 
           -732.96182               4.05088            -728.91095             217.63057 
           -733.02868               4.09770            -728.93098             220.14608 
           -733.16198               4.25699            -728.90499             228.70387 
           -733.84788               5.00943            -728.83845             269.12804 
           -733.37046               3.96852            -729.40194             213.20618 
           -733.38310               3.98513            -729.39797             214.09808 
           -733.55358               4.26690            -729.28667             229.23645 
           -733.19931               3.80730            -729.39201             204.54465 
           -733.66765               4.32396            -729.34369             232.30172 
           -733.62373               4.61256            -729.01116             247.80674 
           -733.56344               4.20940            -729.35404             226.14696 
           -733.46557               4.25588            -729.20969             228.64438 
           -733.19620               4.33748            -728.85871             233.02825 
           -733.17982               4.35971            -728.82012             234.22208 
           -733.24325               4.48874            -728.75451             241.15450 
           -732.83438               4.03056            -728.80382             216.53921 
           -732.59607               4.09677            -728.49931             220.09586 
           -732.71821               3.97544            -728.74277             213.57787 
           -733.02033               4.35800            -728.66233             234.13067 
           -732.29291               3.87791            -728.41499             208.33822 
           -732.35119               3.99230            -728.35889             214.48351 
           -733.12789               4.68584            -728.44204             251.74368 
           -732.80051               4.61992            -728.18058             248.20218 
           -732.52391               4.35266            -728.17125             233.84359 
           -732.59509               4.20474            -728.39035             225.89660 
           -732.39442               4.55961            -727.83480             244.96198 
           -732.26259               4.53425            -727.72834             243.59963 
           -732.19316               4.42998            -727.76318             237.99736 
           -732.19253               4.31331            -727.87922             231.72950 
           -732.43915               4.63934            -727.79981             249.24508 
           -732.10048               4.38248            -727.71800             235.44587 
           -731.68614               3.84529            -727.84086             206.58526 
           -732.55657               4.89076            -727.66581             262.75251 
           -732.28816               4.77715            -727.51101             256.64890 
           -732.31664               4.51210            -727.80454             242.40956 
           -732.34093               4.23625            -728.10468             227.58954 
           -732.40253               4.16601            -728.23651             223.81617 
           -732.62259               4.09951            -728.52308             220.24340 
           -732.44338               4.03440            -728.40897             216.74546 
           -732.62339               4.26922            -728.35417             229.36081 
           -732.52125               4.20583            -728.31542             225.95510 
           -732.15462               3.86584            -728.28878             207.68955 
           -732.40329               4.17754            -728.22575             224.43537 
           -732.44632               4.34601            -728.10031             233.48613 
           -732.06543               3.69954            -728.36589             198.75512 
           -731.89248               3.43192            -728.46055             184.37764 
           -732.53570               4.15310            -728.38260             223.12239 
           -732.64737               4.17843            -728.46894             224.48329 
           -732.37290               4.22517            -728.14773             226.99438 
           -732.53676               4.51512            -728.02164             242.57160 
           -732.19472               4.23131            -727.96342             227.32391 
           -732.36591               4.87432            -727.49159             261.86948 
           -731.65581               4.00486            -727.65095             215.15840 
           -731.84585               3.99118            -727.85467             214.42333 
           -732.17525               4.27240            -727.90285             229.53162 
           -732.78482               4.87185            -727.91297             261.73649 
           -732.40265               4.18073            -728.22192             224.60654 
           -732.55475               4.23230            -728.32244             227.37759 
           -732.67303               4.26063            -728.41240             228.89952 
           -732.99644               4.82000            -728.17643             258.95116 
           -732.57545               4.29798            -728.27747             230.90614 
           -732.65210               4.58961            -728.06249             246.57339 
           -732.18659               4.06570            -728.12089             218.42665 
           -732.28906               3.97811            -728.31095             213.72099 
           -731.94838               3.64854            -728.29984             196.01510 
           -733.07200               4.95034            -728.12166             265.95327 
           -732.83526               4.64580            -728.18946             249.59208 
           -732.14992               3.95384            -728.19607             212.41750 
           -731.80851               3.77498            -728.03353             202.80821 
           -732.35556               4.15821            -728.19736             223.39663 
           -732.74346               4.48792            -728.25554             241.11041 
           -732.75750               4.28083            -728.47667             229.98463 
           -732.96866               4.32877            -728.63989             232.56036 
           -732.68386               3.88103            -728.80282             208.50583 
           -733.31796               4.50416            -728.81380             241.98262 
           -733.03527               4.23804            -728.79723             227.68581 
           -732.65717               4.04180            -728.61537             217.14265 
           -733.05058               4.36707            -728.68350             234.61785 
           -732.28043               3.78063            -728.49980             203.11151 
           -733.10794               4.40251            -728.70543             236.52161 
           -732.62703               3.85774            -728.76929             207.25432 
           -732.62193               3.80552            -728.81641             204.44884 
           -733.27560               4.38741            -728.88818             235.71073 
           -733.19886               4.26399            -728.93487             229.07972 
           -733.12995               3.98053            -729.14942             213.85139 
           -733.15100               4.09689            -729.05411             220.10246 
           -733.29133               3.87024            -729.42109             207.92598 
           -733.01165               3.94703            -729.06462             212.05128 
           -733.05784               3.93576            -729.12208             211.44582 
           -733.32470               4.46054            -728.86416             239.63955 
           -733.27207               4.39500            -728.87707             236.11838 
           -733.41178               4.39855            -729.01323             236.30887 
           -733.07545               4.09957            -728.97587             220.24665 
           -733.25180               4.15495            -729.09685             223.22178 
           -733.47704               3.98749            -729.48955             214.22530 
           -733.58341               4.15795            -729.42546             223.38286 
           -733.75366               4.07254            -729.68111             218.79451 
           -733.90891               4.29194            -729.61697             230.58144 
           -734.00352               4.37058            -729.63294             234.80629 
           -733.82824               4.28987            -729.53837             230.47032 
           -733.36136               3.79723            -729.56413             204.00366 
           -734.30730               4.20249            -730.10481             225.77586 
           -734.36886               4.09871            -730.27015             220.20034 
           -734.62303               4.27136            -730.35167             229.47581 
           -735.03122               4.47738            -730.55384             240.54421 
           -734.87063               4.07627            -730.79436             218.99486 
           -734.89562               3.97196            -730.92366             213.39074 
           -734.72780               3.84202            -730.88579             206.40957 
           -735.03726               4.21384            -730.82342             226.38551 
           -734.80410               4.06734            -730.73675             218.51521 
           -735.11280               4.16591            -730.94689             223.81056 
           -735.56277               4.37115            -731.19162             234.83695 
           -735.31859               4.08902            -731.22957             219.67976 
           -735.25667               4.32244            -730.93424             232.21980 
           -735.28624               4.06509            -731.22114             218.39429 
           -736.06448               4.32220            -731.74228             232.20691 
           -735.77205               3.79223            -731.97982             203.73512 
           -736.20179               4.07580            -732.12599             218.96943 
           -736.59278               4.57393            -732.01885             245.73127 
           -736.34450               3.91016            -732.43435             210.07035 
           -736.87747               4.34288            -732.53458             233.31837 
           -736.98177               4.04805            -732.93371             217.47882 
           -737.84707               4.47016            -733.37692             240.15599 
           -737.56428               4.34365            -733.22063             233.35930 
           -737.77578               4.59416            -733.18161             246.81819 
           -737.80907               4.43612            -733.37295             238.32758 
           -738.02191               4.18717            -733.83474             224.95285 
           -738.58033               4.42782            -734.15251             237.88164 
           -738.93634               4.62538            -734.31096             248.49506 
           -739.15527               4.44250            -734.71277             238.67024 
           -739.53447               4.64491            -734.88956             249.54447 
           -739.18052               4.10384            -735.07668             220.47578 
           -739.77923               4.58943            -735.18980             246.56372 
           -739.97251               4.51573            -735.45678             242.60435 
           -739.95651               4.59090            -735.36561             246.64275 
           -739.65995               4.24509            -735.41487             228.06432 
           -740.22688               4.69427            -735.53261             252.19653 
           -739.87930               4.34192            -735.53738             233.26643 
           -740.46596               4.61910            -735.84686             248.15813 
           -741.16255               4.58575            -736.57680             246.36595 
           -741.38138               4.62729            -736.75409             248.59797 
           -741.82928               4.99160            -736.83768             268.17014 
           -741.80951               4.63700            -737.17251             249.11959 
           -742.18328               4.84542            -737.33786             260.31703 
           -742.54203               4.82756            -737.71447             259.35725 
           -742.74969               4.66481            -738.08487             250.61382 
           -743.11557               4.57756            -738.53801             245.92639 
           -743.21571               4.50089            -738.71482             241.80735 
           -743.40799               4.61013            -738.79785             247.67616 
           -744.01169               4.90448            -739.10720             263.48993 
           -743.76598               4.32726            -739.43871             232.47921 
           -743.94800               4.05179            -739.89621             217.67965 
           -744.42491               4.26002            -740.16489             228.86667 
           -744.72170               4.45359            -740.26812             239.26572 
           -744.91769               4.17591            -740.74178             224.34759 
           -745.18923               4.42443            -740.76480             237.69928 
           -745.61819               4.20039            -741.41780             225.66311 
           -745.93554               3.94887            -741.98668             212.15004 
           -746.05497               3.94515            -742.10981             211.95059 
           -745.69529               3.91375            -741.78154             210.26343 
           -746.44949               4.30933            -742.14016             231.51584 
           -746.42909               4.17613            -742.25296             224.35951 
           -746.78018               4.40889            -742.37129             236.86448 
           -746.61511               4.18580            -742.42932             224.87900 
           -746.79974               4.31234            -742.48740             231.67753 
           -746.92679               4.18662            -742.74017             224.92338 
           -747.15416               4.04974            -743.10442             217.56945 
           -747.28588               4.51446            -742.77142             242.53629 
           -747.32499               4.53814            -742.78686             243.80812 
           -747.85026               4.62960            -743.22066             248.72182 
           -748.51230               5.01319            -743.49911             269.33007 
           -748.80189               4.99391            -743.80798             268.29455 
           -748.35581               4.41853            -743.93728             237.38261 
           -748.18019               3.84807            -744.33213             206.73460 
           -748.94003               4.42655            -744.51348             237.81302 
           -749.03883               4.35466            -744.68418             233.95082 
           -749.10791               4.23201            -744.87591             227.36157 
           -749.58327               4.67117            -744.91210             250.95533 
           -749.37729               4.32346            -745.05382             232.27509 
           -749.78951               4.48251            -745.30701             240.81945 
           -750.14206               4.34597            -745.79609             233.48405 
           -749.95000               4.36806            -745.58193             234.67100 
           -750.68279               4.48944            -746.19335             241.19200 
           -750.83588               4.42517            -746.41071             237.73891 
           -750.61228               3.86783            -746.74445             207.79625 
           -751.03680               4.16787            -746.86893             223.91590 
           -751.30402               4.45198            -746.85204             239.17962 
           -751.34578               4.39026            -746.95551             235.86387 
           -751.46827               4.28897            -747.17930             230.42215 
           -751.75259               4.34677            -747.40582             233.52725 
           -751.85433               4.14739            -747.70695             222.81537 
           -752.01428               4.14554            -747.86874             222.71608 
           -752.58450               4.47169            -748.11281             240.23862 
           -752.16630               3.91189            -748.25441             210.16332 
           -752.56094               4.05437            -748.50657             217.81832 
           -752.61271               4.11928            -748.49343             221.30517 
           -752.54525               4.51603            -748.02922             242.62034 
           -752.14955               4.04780            -748.10175             217.46497 
           -752.52678               4.39166            -748.13512             235.93906 
           -752.77311               4.72968            -748.04343             254.09874 
           -753.20364               4.98329            -748.22034             267.72382 
           -753.15862               4.82170            -748.33692             259.04263 
           -752.93653               4.47508            -748.46145             240.42072 
           -753.36871               4.77557            -748.59314             256.56402 
           -753.68823               4.79450            -748.89373             257.58138 
           -753.39270               4.47677            -748.91593             240.51128 
           -753.80835               4.84975            -748.95861             260.54927 
           -753.75413               4.50230            -749.25183             241.88301 
           -754.12083               4.53913            -749.58170             243.86169 
           -754.56823               4.72072            -749.84751             253.61742 
           -754.56658               4.77648            -749.79010             256.61305 
           -754.40377               4.09996            -750.30381             220.26761 
           -754.37261               4.10800            -750.26462             220.69919 
           -754.66780               4.40314            -750.26466             236.55563 
           -754.80240               4.28571            -750.51669             230.24648 
           -754.52647               3.91237            -750.61410             210.18950 
           -755.09705               4.43357            -750.66348             238.19028 
           -755.26918               4.49494            -750.77424             241.48744 
           -754.87701               4.17534            -750.70167             224.31727 
           -755.05636               3.67458            -751.38178             197.41404 
           -755.53359               4.19531            -751.33828             225.39034 
           -755.26374               3.88146            -751.38228             208.52864 
           -755.62010               4.20541            -751.41470             225.93253 
           -755.55027               4.33641            -751.21386             232.97053 
           -755.29284               4.24471            -751.04813             228.04421 
           -755.51046               4.29133            -751.21913             230.54853 
           -756.34116               4.76309            -751.57807             255.89370 
           -755.96800               4.29453            -751.67348             230.72034 
           -756.36228               4.75291            -751.60937             255.34668 
           -756.26223               4.63506            -751.62717             249.01516 
           -755.68959               4.17244            -751.51714             224.16150 
           -755.99354               4.54782            -751.44572             244.32845 
           -756.46565               5.21521            -751.25043             280.18371 
           -755.35584               4.03977            -751.31607             217.03391 
           -756.10593               4.48686            -751.61907             241.05339 
           -756.24696               4.37460            -751.87236             235.02248 
           -756.13337               4.19845            -751.93492             225.55881 
           -756.03085               4.13698            -751.89387             222.25648 
           -756.49341               4.42158            -752.07183             237.54612 
           -756.46047               4.21851            -752.24196             226.63669 
           -756.91815               4.49692            -752.42123             241.59412 
           -756.79826               4.53553            -752.26274             243.66804 
           -756.80242               4.36669            -752.43574             234.59725 
           -756.39755               4.20710            -752.19044             226.02373 
           -756.92101               4.99681            -751.92420             268.45035 
           -756.77383               4.99738            -751.77645             268.48056 
           -756.53842               5.04862            -751.48980             271.23366 
           -756.66558               5.21552            -751.45006             280.20026 
           -756.15300               4.75167            -751.40134             255.27991 
           -756.71945               4.63473            -752.08472             248.99760 
           -756.37099               4.26585            -752.10514             229.17980 
           -756.68288               4.51633            -752.16655             242.63648 
           -756.35329               4.16176            -752.19153             223.58787 
           -757.17935               5.06894            -752.11041             272.32521 
           -757.19386               5.19456            -751.99930             279.07422 
           -756.56565               4.81026            -751.75540             258.42757 
           -756.59336               5.05894            -751.53442             271.78790 
           -756.34971               4.94190            -751.40780             265.50035 
           -757.21981               5.53131            -751.68850             297.16575 
           -756.20881               4.40640            -751.80241             236.73076 
           -756.81086               4.62236            -752.18850             248.33298 
           -756.42034               4.18701            -752.23333             224.94437 
           -756.54215               4.48096            -752.06119             240.73665 
           -756.63873               4.52435            -752.11437             243.06766 
           -756.75684               4.65883            -752.09801             250.29250 
           -756.51533               4.45913            -752.05620             239.56357 
           -756.41122               4.78606            -751.62516             257.12765 
           -756.37668               4.75148            -751.62520             255.27016 
           -756.91806               5.25954            -751.65852             282.56490 
           -756.15460               4.23431            -751.92030             227.48517 
           -756.56247               4.77066            -751.79181             256.30018 
           -756.05011               4.09373            -751.95638             219.93283 
           -756.56464               4.40333            -752.16131             236.56565 
           -756.28723               4.21312            -752.07411             226.34673 
           -756.94468               4.75048            -752.19420             255.21628 
           -756.49206               4.46699            -752.02508             239.98563 
           -756.53710               4.64522            -751.89188             249.56118 
           -756.15040               4.43490            -751.71550             238.26171 
           -756.18187               4.74564            -751.43623             254.95596 
           -755.74064               4.09988            -751.64076             220.26334 
           -756.10089               4.55904            -751.54185             244.93102 
           -756.30198               4.79489            -751.50709             257.60218 
           -756.17420               4.74312            -751.43107             254.82102 
           -755.51358               4.25489            -751.25868             228.59108 
           -755.41259               4.23411            -751.17848             227.47438 
           -755.92266               4.47098            -751.45168             240.20044 
           -755.08067               4.13425            -750.94642             222.10979 
           -755.47914               4.59443            -750.88471             246.83261 
           -755.21619               3.97132            -751.24487             213.35628 
           -755.36524               4.37015            -750.99509             234.78296 
           -755.21714               4.13220            -751.08494             221.99958 
           -755.62714               4.36287            -751.26427             234.39197 
           -755.60233               4.65689            -750.94544             250.18803 
           -755.29064               4.55434            -750.73630             244.67868 
           -755.22463               4.49672            -750.72792             241.58304 
           -755.41880               4.67497            -750.74383             251.15963 
           -754.73940               4.03828            -750.70113             216.95347 
           -755.17634               4.40622            -750.77012             236.72107 
           -755.38460               5.07606            -750.30855             272.70758 
           -754.43284               4.31948            -750.11336             232.06109 
           -754.87352               4.87069            -750.00283             261.67415 
           -754.42620               4.68018            -749.74602             251.43945 
           -754.26071               4.52617            -749.73454             243.16509 
           -753.99972               4.08876            -749.91096             219.66597 
           -754.09029               4.49165            -749.59864             241.31062 
           -754.08051               4.37176            -749.70876             234.86959 
           -753.92958               4.06833            -749.86125             218.56794 
           -753.86543               4.15927            -749.70617             223.45370 
           -753.78823               4.39259            -749.39563             235.98885 
           -753.69465               4.35172            -749.34293             233.79299 
           -753.98256               4.53017            -749.45238             243.38043 
           -753.49488               4.02961            -749.46527             216.48808 
           -753.35933               3.99713            -749.36220             214.74320 
           -753.45208               4.46176            -748.99032             239.70479 
           -752.76592               4.28404            -748.48187             230.15729 
           -752.82073               4.50978            -748.31096             242.28459 
           -752.78383               4.46694            -748.31688             239.98322 
           -752.65547               4.40836            -748.24711             236.83614 
           -752.59927               4.49136            -748.10791             241.29519 
           -752.14140               4.29178            -747.84962             230.57295 
           -752.22610               4.46594            -747.76016             239.92949 
           -752.07435               4.50924            -747.56511             242.25568 
           -751.67611               4.29544            -747.38067             230.76922 
           -752.16430               4.51041            -747.65389             242.31860 
           -751.68096               4.37222            -747.30874             234.89421 
           -751.40475               4.49475            -746.91001             241.47713 
           -751.47230               4.73558            -746.73673             254.41560 
           -750.89688               3.96829            -746.92858             213.19377 
           -751.11882               4.31070            -746.80812             231.58936 
           -751.05317               4.32449            -746.72868             232.33007 
           -750.61186               4.32540            -746.28647             232.37881 
           -750.79791               4.51619            -746.28172             242.62913 
           -750.44187               4.65880            -745.78307             250.29065 
           -750.30349               4.56817            -745.73532             245.42145 
           -749.76561               4.31674            -745.44887             231.91380 
           -749.67855               4.44755            -745.23101             238.94129 
           -749.24954               4.27683            -744.97271             229.76968 
           -748.88116               4.11470            -744.76646             221.05912 
           -748.94476               4.21415            -744.73061             226.40201 
           -749.01665               4.52831            -744.48834             243.28017 
           -748.65651               4.55498            -744.10154             244.71293 
           -748.28793               4.57444            -743.71349             245.75854 
           -747.30370               3.79820            -743.50551             204.05535 
           -748.10219               4.76245            -743.33974             255.85927 
           -748.06302               4.70831            -743.35471             252.95087 
           -747.68059               4.42551            -743.25508             237.75744 
           -747.82828               4.83185            -742.99643             259.58791 
           -747.47934               4.58863            -742.89071             246.52106 
           -747.30062               4.56092            -742.73970             245.03231 
           -747.12434               4.49374            -742.63060             241.42290 
           -746.69447               4.34176            -742.35271             233.25817 
           -746.18667               4.29501            -741.89166             230.74631 
           -746.37748               4.54274            -741.83474             244.05543 
           -746.74778               5.16725            -741.58053             277.60704 
           -745.54649               4.07201            -741.47448             218.76587 
           -745.37621               4.11336            -741.26285             220.98758 
           -745.40855               4.24276            -741.16579             227.93907 
           -745.24889               4.23608            -741.01281             227.58037 
           -745.37576               4.55254            -740.82322             244.58219 
           -744.93869               3.95771            -740.98098             212.62495 
           -744.82519               4.38745            -740.43773             235.71275 
           -744.66863               4.41518            -740.25346             237.20222 
           -744.34939               4.33232            -740.01707             232.75098 
           -744.24331               4.39493            -739.84838             236.11444 
           -744.04571               3.98595            -740.05976             214.14219 
           -744.29717               4.65492            -739.64225             250.08247 
           -743.94237               4.52178            -739.42059             242.92939 
           -742.90756               4.29887            -738.60869             230.95372 
           -742.61361               4.47589            -738.13773             240.46388 
           -742.81087               4.74845            -738.06242             255.10718 
           -742.42598               4.69099            -737.73499             252.02014 
           -742.01195               4.53573            -737.47622             243.67873 
           -742.15754               4.74727            -737.41027             255.04399 
           -741.68335               4.64786            -737.03549             249.70285 
           -741.26877               4.13937            -737.12940             222.38491 
           -741.24998               4.44150            -736.80848             238.61627 
           -741.05761               4.92633            -736.13129             264.66343 
           -740.60511               4.68846            -735.91665             251.88408 
           -740.25626               4.40176            -735.85450             236.48147 
           -740.37396               4.82841            -735.54555             259.40296 
           -740.01664               4.73667            -735.27997             254.47428 
           -739.44578               4.48592            -734.95987             241.00264 
           -739.21293               4.36668            -734.84625             234.59655 
           -738.81533               3.97537            -734.83996             213.57385 
           -738.55439               4.06116            -734.49323             218.18308 
           -738.80547               4.63795            -734.16752             249.17063 
           -738.58450               4.71131            -733.87318             253.11198 
           -738.34829               4.59174            -733.75655             246.68793 
           -737.50289               4.17697            -733.32592             224.40454 
           -737.47644               4.53505            -732.94139             243.64228 
           -737.66479               4.53959            -733.12520             243.88612 
           -737.16024               4.32397            -732.83627             232.30210 
           -737.66446               4.73392            -732.93055             254.32633 
           -737.15641               4.50187            -732.65454             241.85976 
           -736.63642               4.38310            -732.25332             235.47918 
           -736.22762               4.51226            -731.71536             242.41794 
           -735.70887               4.42995            -731.27892             237.99604 
           -735.80829               4.76690            -731.04139             256.09821 
           -735.38015               4.64343            -730.73672             249.46515 
           -735.24024               4.55268            -730.68756             244.58934 
           -734.83237               4.51955            -730.31282             242.80983 
           -734.61177               4.51196            -730.09981             242.40173 
           -734.60019               4.88950            -729.71069             262.68479 
           -733.85216               4.48997            -729.36219             241.22022 
           -734.16716               4.68039            -729.48677             251.45083 
           -733.69182               4.38904            -729.30277             235.79833 
           -733.77674               4.51563            -729.26111             242.59903 
           -734.42827               5.05738            -729.37089             271.70431 
           -734.08796               4.68806            -729.39991             251.86262 
           -733.89496               4.98873            -728.90623             268.01598 
           -733.57158               4.81086            -728.76072             258.46012 
           -733.28012               4.99017            -728.28994             268.09356 
           -733.74201               5.76388            -727.97813             309.66024 
           -732.97605               4.81112            -728.16494             258.47383 
           -733.83187               5.45190            -728.37997             292.89949 
           -733.82924               5.56379            -728.26545             298.91088 
           -733.05733               4.85644            -728.20089             260.90890 
           -733.22518               4.83349            -728.39169             259.67596 
           -733.07624               4.92392            -728.15232             264.53398 
           -733.38090               4.67622            -728.70468             251.22639 
           -732.88307               4.33441            -728.54867             232.86297 
           -733.38926               5.30959            -728.07967             285.25379 
           -732.47277               4.54968            -727.92309             244.42838 
           -732.78540               5.01049            -727.77491             269.18493 
           -732.28430               4.59299            -727.69131             246.75501 
           -732.47350               4.61567            -727.85783             247.97366 
           -733.28920               5.35099            -727.93821             287.47839 
           -732.19495               4.41059            -727.78436             236.95586 
           -732.14221               4.58236            -727.55985             246.18400 
           -732.49651               4.73122            -727.76528             254.18163 
           -732.57377               4.95583            -727.61794             266.24843 
           -732.78862               5.23751            -727.55111             281.38162 
           -731.98373               4.57512            -727.40861             245.79503 
           -732.35607               4.56224            -727.79384             245.10297 
           -732.18199               4.28545            -727.89654             230.23258 
           -732.49971               4.59842            -727.90129             247.04681 
           -732.26178               4.38573            -727.87605             235.62047 
           -732.36529               4.39374            -727.97155             236.05053 
           -732.46808               4.40437            -728.06371             236.62167 
           -732.30386               4.46035            -727.84351             239.62939 
           -732.21132               4.67909            -727.53223             251.38067 
           -732.55737               5.17184            -727.38554             277.85340 
           -732.07214               4.83548            -727.23665             259.78285 
           -732.58100               4.93976            -727.64125             265.38495 
           -732.00361               4.50922            -727.49439             242.25450 
           -732.10911               4.71057            -727.39854             253.07183 
           -731.92763               4.54131            -727.38632             243.97865 
           -732.12194               4.58231            -727.53963             246.18143 
           -731.99900               4.63629            -727.36271             249.08146 
           -732.03978               4.96806            -727.07173             266.90529 
           -732.15006               4.95978            -727.19028             266.46042 
           -731.88305               4.37940            -727.50365             235.28004 
           -731.59855               4.62959            -726.96896             248.72142 
           -732.44122               5.09092            -727.35030             273.50624 
           -731.65848               4.42573            -727.23275             237.76931 
           -731.54361               3.99025            -727.55336             214.37360 
           -731.62981               4.47810            -727.15171             240.58283 
           -731.58082               4.25575            -727.32507             228.63743 
           -731.83932               4.47886            -727.36046             240.62373 
           -731.70073               4.25071            -727.45001             228.36656 
           -732.23016               4.56298            -727.66718             245.14272 
           -732.26311               4.62505            -727.63806             248.47771 
           -731.75782               4.29107            -727.46675             230.53470 
           -731.96585               4.27516            -727.69070             229.67979 
           -731.90722               4.31627            -727.59095             231.88839 
           -731.66622               3.97597            -727.69025             213.60625 
           -731.86728               4.23678            -727.63050             227.61802 
           -732.07060               4.31087            -727.75972             231.59856 
           -731.95590               4.53727            -727.41863             243.76159 
           -731.58489               4.25073            -727.33416             228.36758 
           -732.04314               4.34135            -727.70179             233.23577 
           -732.38228               4.69041            -727.69188             251.98871 
           -732.19039               4.46307            -727.72731             239.77547 
           -732.14073               4.61449            -727.52624             247.91040 
           -731.74795               4.51188            -727.23607             242.39774 
           -731.76639               4.33451            -727.43188             232.86837 
           -732.19686               4.67598            -727.52088             251.21360 
           -732.35232               4.89154            -727.46078             262.79430 
           -732.15818               4.64748            -727.51071             249.68244 
           -731.77458               4.13290            -727.64168             222.03709 
           -732.08728               4.23164            -727.85564             227.34179 
           -732.14543               4.31692            -727.82851             231.92353 
           -732.40607               4.67336            -727.73271             251.07307 
           -732.72703               4.98459            -727.74244             267.79337 
           -732.11400               4.34176            -727.77224             233.25787 
           -732.32701               4.49038            -727.83663             241.24255 
           -732.20876               4.30158            -727.90719             231.09920 
           -732.40717               4.32572            -728.08145             232.39628 
           -732.78397               4.83774            -727.94624             259.90393 
           -732.61984               4.58944            -728.03040             246.56461 
           -732.69534               4.84708            -727.84827             260.40570 
           -733.07794               5.28685            -727.79109             284.03248 
           -732.52409               4.60821            -727.91588             247.57274 
           -732.59218               4.62429            -727.96789             248.43666 
           -732.38167               4.52296            -727.85871             242.99276 
           -732.33294               4.39301            -727.93993             236.01151 
           -732.35665               4.28314            -728.07352             230.10853 
           -732.48326               4.42135            -728.06191             237.53397 
           -732.66632               4.74053            -727.92579             254.68177 
           -732.81763               4.92048            -727.89715             264.34924 
           -733.08268               5.04211            -728.04058             270.88353 
           -732.71398               4.75698            -727.95700             255.56532 
           -732.82983               4.75489            -728.07494             255.45323 
           -732.59950               4.30267            -728.29682             231.15818 
           -733.18702               4.53037            -728.65665             243.39089 
           -732.41834               3.96071            -728.45763             212.78633 
           -732.73580               4.51814            -728.21766             242.73362 
           -732.76517               4.40030            -728.36487             236.40302 
           -732.81067               4.65151            -728.15916             249.89930 
           -733.11233               4.94577            -728.16656             265.70794 
           -733.23867               4.86951            -728.36916             261.61102 
           -733.69127               4.85079            -728.84048             260.60502 
           -733.24070               4.52563            -728.71507             243.13624 
           -733.93952               5.21441            -728.72511             280.14073 
           -733.59087               5.04384            -728.54703             270.97648 
           -733.80584               4.96490            -728.84093             266.73587 
           -733.41778               4.30957            -729.10820             231.52875 
           -733.79301               4.32860            -729.46441             232.55116 
           -733.69171               4.39781            -729.29390             236.26920 
           -733.84997               4.56678            -729.28318             245.34721 
           -734.11805               4.83499            -729.28306             259.75661 
           -733.85002               4.70776            -729.14226             252.92110 
           -733.73749               4.34883            -729.38866             233.63802 
           -733.97525               4.45388            -729.52137             239.28152 
           -734.17332               4.84871            -729.32461             260.49353 
           -734.24782               4.83903            -729.40879             259.97335 
           -734.95267               5.24749            -729.70518             281.91747 
           -734.00140               4.16314            -729.83826             223.66161 
           -734.80831               4.72992            -730.07839             254.11178 
           -735.00385               4.99885            -730.00500             268.55972 
           -734.73412               4.74519            -729.98893             254.93202 
           -734.78900               4.55536            -730.23363             244.73364 
           -735.44179               4.99877            -730.44302             268.55545 
           -735.76535               4.83710            -730.92825             259.87001 
           -735.84831               4.76702            -731.08129             256.10487 
           -735.71528               4.43857            -731.27671             238.45900 
           -735.90259               4.63742            -731.26517             249.14208 
           -736.82686               5.18465            -731.64221             278.54159 
           -736.48525               4.59632            -731.88893             246.93424 
           -736.65579               4.49481            -732.16098             241.48058 
           -737.12426               4.73687            -732.38739             254.48524 
           -737.76484               4.94529            -732.81956             265.68213 
           -737.61975               4.40598            -733.21377             236.70824 
           -737.93538               4.37257            -733.56281             234.91311 
           -738.24254               4.46248            -733.78006             239.74365 
           -738.70263               4.73519            -733.96744             254.39488 
           -739.10381               4.82696            -734.27686             259.32480 
           -738.81547               4.48378            -734.33169             240.88785 
           -739.19830               4.54990            -734.64840             244.44035 
           -739.54714               4.84657            -734.70058             260.37828 
           -739.58329               4.41864            -735.16464             237.38851 
           -740.16499               4.74302            -735.42197             254.81515 
           -740.05415               4.45920            -735.59495             239.56742 
           -740.73076               4.82069            -735.91006             258.98835 
           -741.15316               4.76766            -736.38550             256.13928 
           -740.94329               4.70219            -736.24110             252.62199 
           -740.87235               4.29617            -736.57619             230.80844 
           -741.48207               4.50740            -736.97467             242.15707 
           -742.04143               4.70899            -737.33245             252.98692 
           -742.34509               4.94463            -737.40045             265.64702 
           -742.35405               5.08513            -737.26892             273.19503 
           -742.45109               4.74961            -737.70148             255.16965 
           -742.77907               4.51127            -738.26780             242.36465 
           -742.69482               4.38818            -738.30664             235.75173 
           -743.05627               4.15750            -738.89877             223.35861 
           -743.19938               4.36048            -738.83891             234.26350 
           -743.27862               4.10862            -739.17000             220.73286 
           -743.37628               3.98960            -739.38669             214.33835 
           -744.33455               4.86416            -739.47039             261.32358 
           -744.37005               4.39701            -739.97304             236.22650 
           -743.98129               3.80904            -740.17225             204.63787 
           -745.20979               4.79818            -740.41161             257.77891 
           -745.19206               4.74903            -740.44303             255.13843 
           -745.18864               4.57865            -740.60999             245.98458 
           -745.34805               4.45967            -740.88838             239.59251 
           -745.83906               4.65618            -741.18288             250.14988 
           -745.92683               4.44090            -741.48593             238.58437 
           -746.09844               4.17109            -741.92734             224.08908 
           -746.34431               4.19721            -742.14709             225.49235 
           -746.86592               4.64312            -742.22280             249.44840 
           -746.85830               4.38361            -742.47469             235.50661 
           -746.88968               4.56124            -742.32843             245.04966 
           -746.71252               4.29804            -742.41448             230.90902 
           -747.21560               4.63293            -742.58267             248.90066 
           -746.96970               4.19233            -742.77737             225.23005 
           -747.42272               4.51452            -742.90820             242.53917 
           -747.93710               4.57728            -743.35982             245.91126 
           -748.40040               4.91553            -743.48486             264.08356 
           -748.35809               4.66512            -743.69296             250.63033 
           -748.25133               4.38202            -743.86931             235.42072 
           -748.40524               4.35215            -744.05308             233.81643 
           -748.90348               4.95680            -743.94668             266.30056 
           -748.92628               4.55234            -744.37394             244.57107 
           -748.83802               4.47915            -744.35887             240.63940 
           -748.90290               4.17581            -744.72709             224.34254 
           -749.73794               4.46063            -745.27731             239.64415 
           -749.35167               3.76434            -745.58733             202.23664 
           -750.51399               4.71333            -745.80066             253.22057 
           -750.25221               4.20562            -746.04660             225.94372 
           -751.10941               4.58512            -746.52429             246.33232 
           -750.70597               3.63406            -747.07191             195.23725 
           -751.45065               4.17603            -747.27462             224.35411 
           -751.60553               4.42157            -747.18395             237.54584 
           -751.05087               4.00548            -747.04539             215.19153 
           -751.61357               4.02955            -747.58402             216.48457 
           -751.71732               4.05870            -747.65863             218.05059 
           -751.91005               4.12754            -747.78251             221.74935 
           -752.16221               4.21856            -747.94365             226.63932 
           -752.38683               4.39521            -747.99161             236.12975 
           -752.71389               4.43808            -748.27581             238.43277 
           -752.51511               4.18273            -748.33238             224.71426 
           -752.63573               3.84598            -748.78974             206.62275 
           -752.67326               3.83635            -748.83691             206.10512 
           -753.14788               4.12225            -749.02563             221.46521 
           -753.07044               3.75741            -749.31303             201.86416 
           -753.14397               3.60713            -749.53684             193.79045 
           -753.96274               4.13422            -749.82852             222.10813 
           -753.59561               3.81320            -749.78241             204.86121 
           -753.40839               3.34962            -750.05876             179.95617 
           -754.23023               4.02861            -750.20162             216.43427 
           -754.05505               3.75705            -750.29799             201.84488 
           -754.25223               3.89075            -750.36148             209.02778 
           -754.15721               3.96896            -750.18825             213.22958 
           -754.32091               4.34496            -749.97595             233.43001 
           -754.21693               3.92663            -750.29030             210.95565 
           -754.08028               3.94646            -750.13382             212.02064 
           -754.61871               4.42015            -750.19857             237.46933 
           -754.52565               4.75155            -749.77410             255.27367 
           -754.40249               4.24243            -750.16007             227.92131 
           -754.42864               4.28781            -750.14084             230.35933 
           -754.39283               4.29758            -750.09525             230.88448 
           -754.63739               4.27916            -750.35823             229.89491 
           -755.24369               4.57402            -750.66967             245.73610 
           -755.56379               4.70289            -750.86090             252.65922 
           -754.87162               4.10963            -750.76199             220.78718 
           -755.09324               4.08384            -751.00940             219.40116 
           -755.40099               4.29215            -751.10884             230.59283 
           -755.72964               4.37856            -751.35108             235.23511 
           -755.80553               4.88432            -750.92121             262.40670 
           -755.27350               4.33153            -750.94197             232.70829 
           -755.40767               4.49795            -750.90972             241.64941 
           -755.50864               4.39902            -751.10962             236.33419 
           -755.38000               4.28159            -751.09840             230.02555 
           -755.76896               4.65631            -751.11266             250.15676 
           -755.55566               4.60307            -750.95259             247.29691 
           -755.65302               4.77488            -750.87814             256.52717 
           -755.37106               4.32316            -751.04790             232.25884 
           -756.37411               5.22284            -751.15127             280.59346 
           -756.09723               5.01037            -751.08687             269.17847 
           -756.22697               4.69148            -751.53549             252.04663 
           -755.80744               4.41396            -751.39348             237.13662 
           -756.41881               4.45521            -751.96360             239.35300 
           -756.60534               4.40245            -752.20289             236.51847 
           -756.58891               4.45023            -752.13868             239.08549 
           -756.37079               4.42555            -751.94524             237.75952 
           -756.54411               4.36256            -752.18154             234.37568 
           -756.38341               4.52893            -751.85448             243.31344 
           -756.53054               4.55448            -751.97606             244.68637 
           -756.68019               4.70316            -751.97703             252.67377 
           -756.59990               4.69897            -751.90093             252.44865 
           -756.88330               4.33759            -752.54571             233.03400 
           -756.82674               4.43983            -752.38691             238.52676 
           -757.35998               4.75726            -752.60272             255.58066 
           -756.70352               4.16950            -752.53402             224.00360 
           -756.79689               4.14388            -752.65301             222.62697 
           -757.08592               4.53740            -752.54852             243.76860 
           -756.82765               4.38171            -752.44595             235.40425 
           -756.68177               4.40574            -752.27603             236.69550 
           -756.63292               4.67580            -751.95712             251.20405 
           -756.70346               4.73345            -751.97001             254.30123 
           -756.58558               4.81044            -751.77515             258.43738 
           -756.58559               5.20100            -751.38458             279.42019 
           -756.60180               5.04586            -751.55594             271.08523 
           -756.13601               4.68954            -751.44647             251.94233 
           -756.05887               4.64115            -751.41772             249.34247 
           -755.52787               4.28615            -751.24172             230.27040 
           -756.47266               4.68391            -751.78875             251.63956 
           -756.29909               4.53993            -751.75916             243.90459 
           -756.33125               4.70628            -751.62497             252.84163 
           -756.57659               4.94662            -751.62997             265.75375 
           -755.64176               4.05889            -751.58287             218.06106 
           -756.50016               4.78601            -751.71415             257.12514 
           -756.09290               4.51286            -751.58004             242.45018 
           -756.54098               4.85739            -751.68359             260.96005 
           -756.26505               4.57610            -751.68895             245.84748 
           -756.38090               4.50604            -751.87487             242.08361 
           -756.77004               4.72052            -752.04952             253.60659 
           -756.74355               4.61525            -752.12830             247.95120 
           -756.73035               4.56578            -752.16457             245.29331 
           -756.36870               4.34568            -752.02302             233.46842 
           -756.58585               4.78508            -751.80077             257.07523 
           -756.52758               4.45456            -752.07302             239.31814 
           -756.26177               4.31678            -751.94498             231.91606 
           -756.94158               5.02299            -751.91859             269.85667 
           -756.44653               4.54858            -751.89796             244.36904 
           -756.19965               4.27387            -751.92578             229.61062 
           -756.27196               4.45344            -751.81852             239.25771 
           -755.95146               4.30918            -751.64228             231.50785 
           -756.00852               4.44691            -751.56161             238.90730 
           -756.26386               4.91866            -751.34520             264.25166 
           -755.74654               4.70868            -751.03785             252.97061 
           -756.01223               4.89187            -751.12036             262.81247 
           -755.98120               4.61795            -751.36325             248.09596 
           -755.58594               4.46982            -751.11613             240.13772 
           -755.46546               4.49417            -750.97129             241.44604 
           -755.75477               4.79720            -750.95757             257.72632 
           -755.82310               4.76413            -751.05897             255.94941 
           -755.21328               4.15358            -751.05970             223.14822 
           -755.05485               4.41256            -750.64229             237.06169 
           -755.81981               5.03637            -750.78344             270.57556 
           -755.26949               4.75468            -750.51481             255.44167 
           -754.42930               3.93909            -750.49021             211.62497 
           -754.72505               4.47822            -750.24682             240.58936 
           -754.62037               4.77908            -749.84129             256.75270 
           -754.75072               4.90557            -749.84515             263.54802 
           -754.74663               5.08083            -749.66581             272.96395 
           -754.81313               5.16883            -749.64430             277.69198 
           -753.79677               4.15694            -749.63983             223.32859 
           -753.87169               4.55721            -749.31449             244.83263 
           -754.20579               5.06895            -749.13684             272.32585 
           -753.87701               5.16963            -748.70738             277.73480 
           -753.56403               4.77651            -748.78752             256.61468 
           -753.57661               4.75451            -748.82209             255.43293 
           -753.15567               4.36864            -748.78703             234.70211 
           -754.10512               5.18511            -748.92001             278.56647 
           -753.43296               4.50719            -748.92577             242.14555 
           -754.02854               5.10012            -748.92842             274.00054 
           -753.73747               4.77338            -748.96409             256.44669 
           -753.64406               4.54183            -749.10222             244.00670 
           -752.93364               4.20612            -748.72753             225.97071 
           -752.94867               3.84092            -749.10776             206.35049 
           -752.96223               3.94800            -749.01423             212.10374 
           -752.86438               4.03061            -748.83377             216.54186 
           -752.23541               3.60413            -748.63128             193.62940 
           -752.53205               4.23950            -748.29256             227.76395 
           -752.76170               4.65876            -748.10293             250.28885 
           -752.51642               4.07900            -748.43741             219.14151 
           -752.50005               4.03332            -748.46673             216.68724 
           -752.77655               4.41942            -748.35713             237.43018 
           -752.42139               4.20649            -748.21490             225.99055 
           -751.85576               4.28353            -747.57223             230.12940 
           -751.88695               4.22583            -747.66113             227.02953 
           -751.56126               4.27839            -747.28287             229.85346 
           -751.24535               4.07776            -747.16759             219.07476 
           -751.13176               4.18946            -746.94230             225.07581 
           -751.29140               4.32206            -746.96934             232.19982 
           -750.93056               3.97680            -746.95375             213.65095 
           -750.73900               4.53520            -746.20380             243.65044 
           -750.60977               4.42120            -746.18857             237.52559 
           -749.90057               3.80410            -746.09646             204.37284 
           -750.46309               4.49368            -745.96941             241.41962 
           -749.80615               3.98933            -745.81682             214.32392 
           -749.53897               4.27854            -745.26043             229.86140 
           -749.74267               4.42993            -745.31274             237.99498 
           -749.20615               4.24150            -744.96465             227.87169 
           -749.06936               4.44821            -744.62115             238.97712 
           -749.19914               4.70146            -744.49768             252.58253 
           -749.01575               4.70970            -744.30605             253.02504 
           -748.57156               4.47294            -744.09862             240.30531 
           -748.36819               4.44780            -743.92039             238.95510 
           -748.65513               5.16889            -743.48624             277.69523 
           -747.78875               4.44502            -743.34373             238.80554 
           -747.67877               4.54338            -743.13539             244.09000 
           -747.57411               4.40807            -743.16604             236.82054 
           -747.28340               4.44969            -742.83371             239.05630 
           -746.56238               4.18635            -742.37603             224.90879 
           -746.88923               4.81798            -742.07124             258.84281 
           -746.24401               4.44645            -741.79756             238.88255 
           -746.37194               4.62337            -741.74858             248.38722 
           -746.47375               4.49724            -741.97651             241.61126 
           -746.31671               4.38901            -741.92770             235.79673 
           -746.30846               4.41050            -741.89796             236.95115 
           -745.97304               4.32720            -741.64584             232.47567 
           -746.16951               4.63669            -741.53282             249.10301 
           -745.75867               4.38115            -741.37752             235.37400 
           -745.13574               3.84949            -741.28625             206.81137 
           -745.19024               3.98486            -741.20538             214.08361 
           -744.92424               3.88776            -741.03648             208.86716 
           -745.08451               4.24075            -740.84375             227.83151 
           -744.18030               3.79825            -740.38206             204.05815 
           -744.22152               3.88594            -740.33558             208.76960 
           -744.42182               3.98621            -740.43560             214.15654 
           -743.68643               3.44814            -740.23828             185.24893 
           -743.74339               4.01736            -739.72603             215.82989 
           -743.73551               3.76488            -739.97062             202.26578 
           -743.52294               3.73105            -739.79190             200.44788 
           -743.32446               3.82561            -739.49885             205.52797 
           -742.60681               3.52543            -739.08138             189.40113 
           -742.60277               3.81233            -738.79044             204.81450 
           -742.22433               3.56602            -738.65831             191.58177 
           -742.19566               3.78741            -738.40825             203.47602 
           -742.02527               3.68470            -738.34057             197.95789 
           -741.90983               3.77231            -738.13751             202.66478 
           -741.43482               3.78443            -737.65039             203.31570 
           -741.31924               3.86495            -737.45429             207.64168 
           -740.79248               3.70610            -737.08639             199.10734 
           -740.99883               4.01270            -736.98613             215.57950 
           -740.47024               3.97781            -736.49244             213.70481 
           -740.45001               4.15261            -736.29740             223.09597 
           -739.88843               3.81825            -736.07018             205.13292 
           -739.92478               3.87152            -736.05326             207.99476 
           -739.66589               4.06783            -735.59806             218.54119 
           -738.61198               3.31067            -735.30131             177.86354 
           -739.27787               4.05552            -735.22236             217.87973 
           -738.49603               3.60671            -734.88933             193.76776 
           -738.37789               3.82659            -734.55131             205.58070 
           -738.57719               4.09261            -734.48459             219.87233 
           -738.02128               4.03783            -733.98344             216.92974 
           -737.68199               3.92651            -733.75548             210.94894 
           -737.65786               4.16041            -733.49746             223.51500 
           -737.23491               3.90666            -733.32826             209.88233 
           -736.71214               3.61477            -733.09737             194.20101 
           -737.18452               4.08532            -733.09919             219.48108 
           -736.41064               3.37174            -733.03890             181.14446 
           -736.35802               3.86158            -732.49644             207.46079 
           -735.75785               3.79128            -731.96658             203.68379 
           -736.07413               4.14732            -731.92681             222.81186 
           -735.51643               3.89381            -731.62262             209.19233 
           -735.40528               3.95090            -731.45438             212.25932 
           -735.09111               3.87002            -731.22109             207.91389 
           -735.57141               4.45901            -731.11239             239.55738 
           -735.11569               4.35769            -730.75799             234.11390 
           -734.64656               4.01765            -730.62891             215.84565 
           -735.09041               4.54372            -730.54669             244.10798 
           -734.27985               4.05217            -730.22768             217.70009 
           -734.60136               4.42733            -730.17403             237.85517 
           -734.63384               4.47373            -730.16011             240.34821 
           -734.80648               4.55881            -730.24767             244.91866 
           -733.91746               3.94110            -729.97636             211.73291 
           -734.20559               4.35524            -729.85036             233.98201 
           -733.93351               4.23254            -729.70096             227.39034 
           -733.95212               4.20540            -729.74672             225.93216 
           -733.83962               3.90968            -729.92994             210.04462 
           -733.90090               4.11862            -729.78228             221.26996 
           -733.72713               3.91801            -729.80912             210.49232 
           -733.69191               4.09693            -729.59498             220.10474 
           -733.83547               4.45212            -729.38335             239.18694 
           -733.12477               3.91345            -729.21132             210.24710 
           -733.10856               3.81199            -729.29657             204.79631 
           -733.14514               4.09930            -729.04583             220.23220 
           -733.16858               4.03659            -729.13199             216.86284 
