           -100.94661               5.58803             -95.35858             300.21291 
           -102.52372               6.90978             -95.61395             371.22281 
           -102.45141               6.39457             -96.05684             343.54393 
           -102.47737               5.97098             -96.50639             320.78673 
           -102.98746               6.48106             -96.50641             348.19015 
           -102.23507               5.49937             -96.73570             295.44978 
           -101.49687               4.80556             -96.69131             258.17556 
           -102.35704               5.53790             -96.81914             297.51992 
           -102.75369               5.41964             -97.33405             291.16628 
           -103.01508               5.69804             -97.31704             306.12322 
           -103.08715               5.64178             -97.44537             303.10072 
           -103.31417               5.34244             -97.97172             287.01908 
           -102.86036               5.09917             -97.76119             273.94935 
           -102.08617               4.36493             -97.72124             234.50261 
           -102.35367               4.73408             -97.61959             254.33497 
           -103.23777               5.38031             -97.85746             289.05341 
           -103.39633               5.39604             -98.00030             289.89822 
           -103.08326               5.20930             -97.87395             279.86621 
           -103.35244               5.76404             -97.58840             309.66885 
           -102.63258               5.04388             -97.58871             270.97870 
           -102.07934               4.33226             -97.74707             232.74783 
           -102.33223               4.78484             -97.54739             257.06234 
           -103.01470               5.41328             -97.60142             290.82486 
           -102.89160               5.30863             -97.58298             285.20221 
           -103.03638               5.43440             -97.60197             291.95935 
           -103.24591               5.69827             -97.54764             306.13574 
           -102.26694               4.65716             -97.60978             250.20284 
           -102.10252               4.35478             -97.74773             233.95769 
           -102.58050               4.85593             -97.72457             260.88128 
           -102.65851               4.74819             -97.91032             255.09323 
           -103.09438               5.18772             -97.90666             278.70637 
           -103.05089               5.24717             -97.80372             281.90063 
           -103.01614               5.15355             -97.86259             276.87079 
           -102.46558               4.69696             -97.76862             252.34101 
           -101.97421               4.15916             -97.81505             223.44791 
           -102.18789               4.58858             -97.59930             246.51848 
           -102.94888               5.18688             -97.76199             278.66159 
           -102.95552               5.22069             -97.73483             280.47812 
           -102.39484               4.52641             -97.86843             243.17802 
           -102.15766               4.37603             -97.78163             235.09895 
           -102.10633               4.20511             -97.90122             225.91657 
           -101.95252               4.38204             -97.57048             235.42180 
           -101.53830               4.56985             -96.96845             245.51211 
           -102.10187               4.87467             -97.22721             261.88796 
           -101.70979               4.54600             -97.16379             244.23086 
           -101.98112               4.54787             -97.43325             244.33137 
           -101.94971               4.71612             -97.23360             253.37002 
           -101.89932               4.64026             -97.25906             249.29487 
           -101.66650               4.62067             -97.04583             248.24246 
           -101.45777               4.16855             -97.28921             223.95260 
           -101.21464               4.08281             -97.13184             219.34583 
           -101.27319               4.38935             -96.88384             235.81497 
           -101.61513               4.45138             -97.16375             239.14726 
           -101.31037               4.50934             -96.80103             242.26103 
           -101.20786               4.41284             -96.79502             237.07663 
           -101.09179               4.41044             -96.68136             236.94754 
           -100.92647               4.66842             -96.25806             250.80731 
           -101.06425               4.45902             -96.60523             239.55761 
           -101.43816               5.00149             -96.43667             268.70133 
           -100.96784               4.57415             -96.39369             245.74305 
           -100.48562               4.00766             -96.47796             215.30859 
           -100.82881               4.55284             -96.27597             244.59836 
           -100.43895               4.25183             -96.18712             228.42665 
           -100.54492               4.42839             -96.11653             237.91237 
           -100.35868               4.59324             -95.76545             246.76843 
           -100.15069               4.57481             -95.57588             245.77857 
           -100.07658               4.58478             -95.49181             246.31389 
           -100.17632               4.87232             -95.30400             261.76195 
           -100.38278               5.03712             -95.34567             270.61550 
           -100.27519               4.75313             -95.52205             255.35867 
           -100.19763               4.48984             -95.70779             241.21359 
           -100.15933               4.47415             -95.68518             240.37039 
           -100.49558               4.46632             -96.02926             239.94979 
           -100.39137               4.32556             -96.06581             232.38763 
           -100.37411               4.46335             -95.91076             239.79024 
           -100.72439               4.91276             -95.81163             263.93439 
           -100.17425               4.26878             -95.90547             229.33742 
           -100.28522               4.54556             -95.73966             244.20705 
           -100.58305               4.85830             -95.72475             261.00889 
           -100.40819               4.71614             -95.69205             253.37142 
           -100.02694               4.64149             -95.38544             249.36082 
           -100.19466               5.05724             -95.13742             271.69655 
            -99.84741               4.67775             -95.16966             251.30858 
           -100.70926               5.50246             -95.20679             295.61589 
           -100.05621               4.89404             -95.16217             262.92901 
            -99.92116               4.53428             -95.38689             243.60076 
           -100.44250               4.77689             -95.66560             256.63514 
            -99.99383               4.35292             -95.64091             233.85732 
           -100.48889               4.87595             -95.61293             261.95717 
           -100.38617               4.78357             -95.60259             256.99413 
           -100.63392               4.68862             -95.94530             251.89282 
           -100.56953               4.76478             -95.80475             255.98463 
           -100.43094               4.54060             -95.89034             243.94036 
           -100.48742               4.25084             -96.23658             228.37335 
           -100.89334               4.49447             -96.39887             241.46222 
           -100.75444               4.45267             -96.30177             239.21641 
           -100.62110               4.30586             -96.31524             231.32934 
           -100.61553               4.31115             -96.30438             231.61340 
           -100.21174               4.10258             -96.10916             220.40822 
           -100.51739               4.56298             -95.95441             245.14279 
           -100.62712               4.48164             -96.14548             240.77313 
           -100.20730               4.46157             -95.74573             239.69461 
           -100.59031               4.44415             -96.14616             238.75876 
           -101.14020               5.01523             -96.12498             269.43950 
           -100.79720               4.75857             -96.03863             255.65105 
           -100.64400               4.50041             -96.14359             241.78124 
           -100.49257               4.37379             -96.11879             234.97854 
           -100.95451               4.73930             -96.21521             254.61536 
           -101.03455               4.51659             -96.51797             242.65043 
           -101.34666               4.76513             -96.58153             256.00312 
           -101.22637               4.60949             -96.61688             247.64175 
           -101.24723               4.67985             -96.56738             251.42163 
           -101.08505               4.50036             -96.58469             241.77861 
           -101.03287               4.20184             -96.83102             225.74094 
           -101.77420               4.64843             -97.12577             249.73353 
           -101.68393               4.79195             -96.89198             257.44413 
           -101.57199               4.32634             -97.24565             232.42979 
           -101.95210               4.57241             -97.37969             245.64953 
           -101.81876               4.75777             -97.06098             255.60806 
           -101.94251               4.87275             -97.06976             261.78489 
           -101.45335               4.23544             -97.21791             227.54597 
           -101.64975               4.51909             -97.13067             242.78475 
           -101.73679               4.36881             -97.36797             234.71146 
           -102.40361               4.81115             -97.59246             258.47576 
           -102.61035               4.51434             -98.09601             242.52956 
           -102.44156               4.28532             -98.15624             230.22590 
           -102.32459               4.21759             -98.10699             226.58715 
           -102.68493               4.73096             -97.95397             254.16744 
           -102.27236               3.93994             -98.33242             211.67068 
           -102.59115               3.99567             -98.59548             214.66461 
           -103.01806               4.21006             -98.80800             226.18252 
           -102.63681               4.08634             -98.55047             219.53596 
           -103.47783               4.66765             -98.81018             250.76630 
           -103.22688               4.28821             -98.93867             230.38089 
           -103.26840               4.11650             -99.15190             221.15597 
           -103.27996               4.45568             -98.82427             239.37844 
           -103.50124               4.75625             -98.74499             255.52623 
           -102.84767               3.77217             -99.07550             202.65695 
           -102.65788               3.81525             -98.84262             204.97177 
           -103.72967               4.67127             -99.05840             250.96043 
           -103.70484               4.23731             -99.46752             227.64664 
           -103.82675               4.18180             -99.64495             224.66434 
           -103.81525               4.12210             -99.69315             221.45674 
           -104.03428               4.51881             -99.51547             242.76998 
           -103.76368               4.19047             -99.57321             225.12981 
           -103.98748               4.30398             -99.68350             231.22817 
           -104.13180               4.64526             -99.48654             249.56311 
           -103.81733               4.34987             -99.46746             233.69354 
           -103.94828               4.44482             -99.50346             238.79481 
           -104.31879               4.50884             -99.80995             242.23419 
           -103.96822               4.39894             -99.56928             236.33005 
           -103.86505               4.20576             -99.65929             225.95135 
           -103.98219               4.18779             -99.79440             224.98594 
           -104.37832               4.45281             -99.92551             239.22408 
           -104.09750               4.14965             -99.94785             222.93718 
           -104.07737               4.22808             -99.84929             227.15063 
           -103.93941               3.83317            -100.10624             205.93453 
           -103.99340               4.22978             -99.76361             227.24221 
           -104.23196               4.56233             -99.66964             245.10771 
           -104.05922               4.20502             -99.85420             225.91171 
           -104.03179               4.25006             -99.78173             228.33172 
           -104.29347               4.44168             -99.85179             238.62638 
           -104.49371               4.68393             -99.80978             251.64073 
           -103.67331               4.07764             -99.59567             219.06823 
           -104.46038               4.81555             -99.64483             258.71181 
           -104.02442               4.65152             -99.37290             249.89980 
           -103.94451               4.28958             -99.65492             230.45479 
           -104.12762               4.52758             -99.60004             243.24108 
           -104.36858               4.87717             -99.49141             262.02250 
           -103.92176               4.63199             -99.28977             248.85041 
           -103.59481               4.30235             -99.29246             231.14086 
           -103.95961               4.57785             -99.38176             245.94162 
           -104.19838               4.78063             -99.41775             256.83591 
           -103.87227               4.40941             -99.46286             236.89253 
           -103.62647               4.50208             -99.12439             241.87106 
           -104.23060               5.00862             -99.22198             269.08448 
           -103.67021               4.16389             -99.50632             223.70183 
           -104.21803               4.44643             -99.77159             238.88146 
           -103.98457               4.32859             -99.65598             232.55043 
           -104.13127               4.68183             -99.44944             251.52795 
           -104.08373               4.72605             -99.35768             253.90354 
           -103.86574               4.89360             -98.97214             262.90521 
           -103.35170               4.44492             -98.90677             238.80035 
           -104.13713               5.13204             -99.00509             275.71542 
           -103.43775               4.63476             -98.80299             248.99907 
           -103.76247               4.76251             -98.99995             255.86264 
           -103.50027               4.77449             -98.72578             256.50634 
           -103.13196               4.30542             -98.82655             231.30550 
           -103.33790               4.42148             -98.91642             237.54094 
           -103.45236               4.60612             -98.84624             247.46075 
           -103.40985               4.84129             -98.56856             260.09495 
           -103.44972               4.99540             -98.45432             268.37425 
           -103.34834               4.96065             -98.38770             266.50716 
           -103.14363               5.01437             -98.12925             269.39373 
           -102.89096               4.87889             -98.01207             262.11473 
           -102.62703               4.80334             -97.82369             258.05601 
           -102.52603               4.97467             -97.55135             267.26067 
           -102.58078               5.29215             -97.28863             284.31706 
           -102.57490               5.21868             -97.35621             280.37005 
           -101.95113               4.62169             -97.32944             248.29721 
           -102.57368               5.19590             -97.37778             279.14597 
           -102.45518               5.00043             -97.45475             268.64478 
           -102.46148               4.96097             -97.50050             266.52486 
           -101.71063               4.25128             -97.45936             228.39693 
           -102.41504               4.60828             -97.80676             247.57667 
           -102.33657               4.75566             -97.58091             255.49450 
           -102.13068               4.33886             -97.79183             233.10216 
           -103.01749               5.11762             -97.89987             274.94076 
           -102.36176               4.48652             -97.87524             241.03521 
           -101.69605               4.03815             -97.65790             216.94689 
           -102.23620               4.59184             -97.64436             246.69319 
           -101.78311               4.21301             -97.57010             226.34080 
           -101.84728               4.50209             -97.34519             241.87170 
           -102.01557               4.39377             -97.62180             236.05214 
           -101.92843               4.26026             -97.66817             228.87959 
           -102.11200               4.30669             -97.80531             231.37385 
           -101.73717               3.97947             -97.75770             213.79438 
           -101.65628               4.25685             -97.39943             228.69616 
           -101.55802               4.11165             -97.44637             220.89530 
           -101.73394               4.64720             -97.08674             249.66732 
           -101.62852               4.44413             -97.18439             238.75751 
           -102.00140               4.76646             -97.23493             256.07483 
           -101.53987               4.58400             -96.95587             246.27231 
           -101.38793               4.53777             -96.85016             243.78838 
           -100.94425               4.34722             -96.59703             233.55148 
           -101.22115               4.83628             -96.38487             259.82560 
           -100.84094               4.47322             -96.36772             240.32062 
           -100.54083               4.42277             -96.11806             237.61040 
           -100.62909               4.40667             -96.22242             236.74516 
           -100.83150               4.79596             -96.03554             257.65973 
           -100.59054               4.52921             -96.06133             243.32839 
           -100.42866               4.26896             -96.15970             229.34686 
           -100.54711               4.18738             -96.35974             224.96389 
           -101.00560               4.65773             -96.34787             250.23309 
           -100.61882               4.33192             -96.28690             232.72960 
           -101.08545               4.71996             -96.36549             253.57646 
           -100.94565               4.67258             -96.27308             251.03080 
           -100.53665               4.24545             -96.29120             228.08407 
           -100.67362               4.23515             -96.43847             227.53059 
           -100.58781               3.97024             -96.61757             213.29846 
           -100.81551               4.38931             -96.42621             235.81232 
           -100.75746               4.66584             -96.09162             250.66904 
           -100.60272               4.49332             -96.10940             241.40059 
           -100.38987               4.34802             -96.04186             233.59404 
           -100.76027               4.85086             -95.90941             260.60910 
           -100.14191               4.15341             -95.98851             223.13886 
           -100.46919               4.51301             -95.95618             242.45825 
           -100.10767               4.02603             -96.08163             216.29587 
           -100.47545               4.54299             -95.93246             244.06872 
           -100.50071               4.53378             -95.96693             243.57411 
           -100.10235               4.27636             -95.82599             229.74441 
           -100.66855               4.80378             -95.86477             258.07963 
           -100.40082               4.60514             -95.79569             247.40767 
            -99.73290               3.92117             -95.81173             210.66192 
           -100.16844               4.12026             -96.04818             221.35815 
           -100.42660               4.35359             -96.07301             233.89376 
           -100.84825               4.84258             -96.00567             260.16438 
           -101.43602               5.47359             -95.96244             294.06452 
           -100.52326               4.30504             -96.21821             231.28538 
           -100.74680               4.36110             -96.38570             234.29699 
           -100.84928               4.46165             -96.38763             239.69874 
           -100.52871               4.24851             -96.28020             228.24817 
           -100.38807               4.05145             -96.33662             217.66124 
           -100.65228               4.70142             -95.95086             252.58053 
           -100.17991               4.34523             -95.83468             233.44442 
           -100.73460               4.72234             -96.01226             253.70459 
           -101.09392               5.15191             -95.94202             276.78260 
           -100.77517               4.79723             -95.97793             257.72789 
           -100.20122               4.52519             -95.67604             243.11244 
           -100.38740               4.64513             -95.74227             249.55647 
           -100.53832               4.61673             -95.92159             248.03041 
           -100.77112               4.65697             -96.11415             250.19249 
           -100.73338               4.60534             -96.12804             247.41863 
           -100.72088               4.92475             -95.79612             264.57893 
           -100.65262               4.78150             -95.87113             256.88247 
           -100.60469               4.80475             -95.79993             258.13205 
           -100.83976               4.86227             -95.97749             261.22208 
           -100.79742               4.70879             -96.08863             252.97644 
           -100.25340               4.48039             -95.77300             240.70584 
           -100.83863               4.90331             -95.93532             263.42682 
           -101.30085               5.26552             -96.03533             282.88635 
           -100.76808               4.57832             -96.18976             245.96694 
           -101.05013               4.57369             -96.47645             245.71803 
           -101.55921               4.91039             -96.64882             263.80725 
           -101.29974               4.59945             -96.70029             247.10216 
           -101.81490               4.82413             -96.99077             259.17301 
           -102.34943               5.12517             -97.22426             275.34619 
           -101.84408               4.69346             -97.15061             252.15308 
           -101.89518               4.59752             -97.29766             246.99868 
           -102.17262               4.80276             -97.36986             258.02483 
           -101.97143               4.53806             -97.43338             243.80392 
           -102.08498               4.64360             -97.44138             249.47417 
           -102.76377               5.29466             -97.46911             284.45187 
           -102.46825               4.79283             -97.67541             257.49149 
           -102.46025               4.95265             -97.50761             266.07745 
           -102.08507               4.82554             -97.25953             259.24872 
           -101.59026               4.44928             -97.14098             239.03460 
           -102.29348               4.85774             -97.43574             260.97891 
           -102.46802               5.02318             -97.44484             269.86700 
           -102.06907               4.74855             -97.32052             255.11263 
           -101.62588               4.30360             -97.32229             231.20767 
           -102.47313               4.72462             -97.74851             253.82687 
           -102.55069               4.80627             -97.74442             258.21343 
           -102.19713               3.88560             -98.31152             208.75130 
           -102.68219               4.28086             -98.40133             229.98635 
           -103.14559               4.58973             -98.55586             246.57994 
           -103.75019               4.96005             -98.79014             266.47521 
           -103.14180               4.60440             -98.53740             247.36810 
           -102.95501               4.20698             -98.74803             226.01688 
           -103.39449               4.45401             -98.94048             239.28865 
           -103.39971               4.45087             -98.94884             239.11985 
           -103.38766               4.55455             -98.83311             244.69024 
           -104.13440               5.09601             -99.03839             273.77944 
           -103.81829               4.78302             -99.03527             256.96431 
           -103.72272               4.57168             -99.15104             245.61024 
           -104.21757               4.84641             -99.37116             260.37007 
           -103.35033               3.92819             -99.42213             211.03942 
           -103.44227               3.90719             -99.53508             209.91124 
           -103.78699               4.48296             -99.30403             240.84391 
           -103.59045               4.34278             -99.24768             233.31277 
           -103.99478               4.58141             -99.41337             246.13279 
           -104.66081               5.18387             -99.47693             278.49996 
           -104.00241               4.61285             -99.38956             247.82214 
           -104.24569               4.63319             -99.61250             248.91476 
           -104.42542               4.75401             -99.67142             255.40570 
           -103.92423               4.04590             -99.87833             217.36322 
           -103.81907               4.11446             -99.70462             221.04623 
           -104.31282               4.51158             -99.80125             242.38126 
           -103.91669               4.08043             -99.83626             219.21839 
           -104.28943               4.35743             -99.93200             234.10003 
           -104.40669               4.65181             -99.75488             249.91523 
           -104.29695               4.75237             -99.54458             255.31788 
           -104.33216               4.73704             -99.59512             254.49419 
           -103.69120               4.26050             -99.43070             228.89229 
           -103.84779               4.43186             -99.41593             238.09858 
           -104.43415               5.45775             -98.97641             293.21350 
           -103.61866               4.78644             -98.83222             257.14793 
           -103.90807               4.72035             -99.18772             253.59728 
           -104.06970               4.90612             -99.16358             263.57795 
           -103.80184               4.35832             -99.44353             234.14750 
           -104.24998               4.60162             -99.64837             247.21856 
           -103.95890               4.39052             -99.56838             235.87765 
           -103.96001               4.49485             -99.46515             241.48289 
           -104.21062               4.50937             -99.70125             242.26297 
           -104.16351               4.63089             -99.53262             248.79140 
           -103.26145               4.21948             -99.04197             226.68845 
           -103.76720               4.46050             -99.30669             239.63737 
           -103.65187               4.31880             -99.33307             232.02460 
           -103.64671               4.60166             -99.04505             247.22075 
           -104.04068               4.92594             -99.11474             264.64257 
           -104.21909               5.43714             -98.78195             292.10667 
           -103.61097               4.80873             -98.80224             258.34562 
           -103.77488               5.00020             -98.77468             268.63206 
           -103.73779               4.53687             -99.20092             243.73999 
           -103.22382               4.10177             -99.12205             220.36470 
           -103.98568               4.64445             -99.34123             249.51994 
           -103.42945               3.84093             -99.58852             206.35114 
           -103.80231               3.94347             -99.85885             211.85993 
           -103.61438               3.95638             -99.65799             212.55396 
           -103.64301               4.03066             -99.61235             216.54426 
           -103.23810               3.71553             -99.52256             199.61434 
           -103.40217               4.19395             -99.20821             225.31726 
           -103.23606               4.04226             -99.19380             217.16763 
           -103.92171               4.47341             -99.44830             240.33063 
           -103.57866               3.73163             -99.84703             200.47901 
           -104.08409               4.13332             -99.95078             222.05948 
           -103.50483               4.02506             -99.47978             216.24333 
           -103.12907               3.66381             -99.46526             196.83576 
           -103.55273               4.18482             -99.36790             224.82671 
           -103.24663               4.02409             -99.22254             216.19153 
           -103.37670               4.32388             -99.05282             232.29734 
           -103.02710               3.96179             -99.06532             212.84423 
           -102.92011               4.09929             -98.82082             220.23134 
           -102.31970               3.77502             -98.54468             202.81016 
           -102.77975               4.30090             -98.47885             231.06302 
           -102.80455               4.32789             -98.47666             232.51266 
           -102.30989               3.54865             -98.76124             190.64898 
           -102.96794               4.32215             -98.64579             232.20426 
           -102.80656               4.18189             -98.62467             224.66903 
           -102.51779               3.84055             -98.67723             206.33088 
           -102.33182               3.97990             -98.35193             213.81708 
           -102.11139               3.74205             -98.36934             201.03879 
           -101.68530               3.49855             -98.18675             187.95708 
           -102.12802               4.08163             -98.04639             219.28243 
           -101.85134               3.71835             -98.13299             199.76550 
           -101.61504               3.38085             -98.23419             181.63369 
           -101.37703               3.33741             -98.03962             179.29991 
           -101.99750               4.18089             -97.81662             224.61512 
           -101.60308               4.05740             -97.54568             217.98115 
           -100.99312               3.80794             -97.18519             204.57864 
           -101.01110               3.88555             -97.12555             208.74831 
           -101.33188               4.31224             -97.01964             231.67191 
           -101.09748               4.20716             -96.89032             226.02688 
           -100.81156               4.13007             -96.68149             221.88487 
           -100.58400               4.04969             -96.53431             217.56648 
           -100.50361               4.25119             -96.25242             228.39210 
           -100.36671               4.19847             -96.16824             225.55960 
           -100.36994               4.46871             -95.90123             240.07843 
           -100.24124               4.20926             -96.03198             226.13936 
           -100.73583               4.67347             -96.06236             251.07873 
