              0.00000              -0.00000              -0.01280 
              0.00000              -0.00000              -0.01280 
              0.00000               0.00000              -0.01280 
             -0.00000              -0.00000              -0.01280 
              0.00000              -0.00000              -0.01280 
             -0.00000              -0.00000              -0.01280 
             -0.00000              -0.00000              -0.01280 
              0.00000               0.00000              -0.01280 
             -0.00000               0.00000              -0.01280 
              0.00000              -0.00000              -0.01280 
              0.00000               0.00000              -0.01280 
              0.00000               0.00000              -0.01280 
             -0.00000              -0.00000              -0.01280 
              0.00000               0.00000              -0.01280 
             -0.00000              -0.00000              -0.01280 
             -0.00000               0.00000              -0.01280 
              0.00000              -0.00000              -0.01280 
              0.00000              -0.00000              -0.01280 
             -0.00000              -0.00000              -0.01280 
             -0.00000              -0.00000              -0.01280 
             -0.00000              -0.00000              -0.01280 
             -0.00000              -0.00000              -0.01280 
              0.00000              -0.00000              -0.01280 
              0.00000              -0.00000              -0.01280 
              0.00000               0.00000              -0.01280 
             -0.00000               0.00000              -0.01280 
             -0.00000              -0.00000              -0.01280 
              0.00000               0.00000              -0.01280 
              0.00000              -0.00000              -0.01280 
              0.00000               0.00000              -0.01280 
