              0.00000               0.00000              -0.00000 
             -0.00000               0.00000              -0.00000 
              0.00000              -0.00000               0.00000 
              0.00000               0.00000               0.00000 
             -0.00000               0.00000              -0.00000 
             -0.00000               0.00000              -0.00000 
             -0.00000              -0.00000               0.00000 
              0.00000               0.00000              -0.00000 
              0.00000              -0.00000              -0.00000 
              0.00000               0.00000               0.00000 
              0.00000              -0.00000              -0.00000 
              0.00000              -0.00000              -0.00000 
             -0.00000               0.00000               0.00000 
              0.00000               0.00000               0.00000 
             -0.00000               0.00000              -0.00000 
             -0.00000               0.00000               0.00000 
              0.00000               0.00000               0.00000 
             -0.00000               0.00000              -0.00000 
              0.00000               0.00000               0.00000 
             -0.00000              -0.00000               0.00000 
             -0.00000               0.00000              -0.00000 
             -0.00000               0.00000               0.00000 
             -0.00000              -0.00000               0.00000 
              0.00000              -0.00000              -0.00000 
             -0.00000              -0.00000              -0.00000 
              0.00000              -0.00000               0.00000 
             -0.00000               0.00000              -0.00000 
              0.00000               0.00000               0.00000 
             -0.00000               0.00000              -0.00000 
             -0.00000               0.00000              -0.00000 
             -0.00000              -0.00000              -0.00000 
              0.00000              -0.00000               0.00000 
              0.00000               0.00000               0.00000 
              0.00000               0.00000              -0.00000 
              0.00000               0.00000              -0.00000 
             -0.00000               0.00000               0.00000 
              0.00000               0.00000               0.00000 
              0.00000              -0.00000               0.00000 
             -0.00000               0.00000              -0.00000 
              0.00000               0.00000              -0.00000 
              0.00000               0.00000              -0.00000 
              0.00000              -0.00000              -0.00000 
             -0.00000               0.00000              -0.00000 
             -0.00000               0.00000               0.00000 
              0.00000              -0.00000               0.00000 
             -0.00000               0.00000              -0.00000 
             -0.00000              -0.00000              -0.00000 
             -0.00000              -0.00000              -0.00000 
              0.00000               0.00000               0.00000 
              0.00000               0.00000              -0.00000 
              0.00000               0.00000              -0.00000 
              0.00000               0.00000               0.00000 
              0.00000               0.00000              -0.00000 
              0.00000               0.00000               0.00000 
              0.00000              -0.00000              -0.00000 
              0.00000              -0.00000              -0.00000 
              0.00000              -0.00000              -0.00000 
              0.00000              -0.00000              -0.00000 
              0.00000              -0.00000              -0.00000 
              0.00000              -0.00000              -0.00000 
              0.00000              -0.00000              -0.00001 
              0.00000              -0.00000              -0.00001 
              0.00000              -0.00000              -0.00001 
              0.00000              -0.00000              -0.00001 
              0.00000              -0.00000              -0.00001 
              0.00000              -0.00000              -0.00002 
              0.00000              -0.00000              -0.00002 
              0.00001              -0.00000              -0.00002 
              0.00001               0.00000              -0.00003 
              0.00001               0.00000              -0.00004 
              0.00001               0.00000              -0.00004 
              0.00001               0.00000              -0.00005 
              0.00001               0.00000              -0.00006 
              0.00002               0.00000              -0.00007 
              0.00002               0.00000              -0.00008 
              0.00002               0.00000              -0.00009 
              0.00002               0.00000              -0.00010 
              0.00002               0.00000              -0.00011 
              0.00003              -0.00000              -0.00012 
              0.00003              -0.00000              -0.00013 
              0.00003              -0.00000              -0.00014 
              0.00003              -0.00000              -0.00015 
              0.00003              -0.00000              -0.00016 
              0.00003              -0.00000              -0.00017 
              0.00004              -0.00000              -0.00018 
              0.00004              -0.00000              -0.00018 
              0.00004              -0.00000              -0.00019 
              0.00004              -0.00000              -0.00020 
              0.00004              -0.00000              -0.00021 
              0.00004              -0.00000              -0.00022 
              0.00004              -0.00000              -0.00024 
              0.00005              -0.00000              -0.00025 
              0.00005              -0.00000              -0.00026 
              0.00005              -0.00000              -0.00027 
              0.00005              -0.00000              -0.00029 
              0.00005              -0.00000              -0.00030 
              0.00006              -0.00000              -0.00032 
              0.00006              -0.00000              -0.00034 
              0.00006              -0.00000              -0.00035 
              0.00006              -0.00000              -0.00037 
              0.00006              -0.00000              -0.00039 
              0.00007              -0.00000              -0.00041 
              0.00007              -0.00000              -0.00043 
              0.00007              -0.00000              -0.00045 
              0.00007              -0.00000              -0.00048 
              0.00007              -0.00000              -0.00050 
              0.00008              -0.00000              -0.00052 
              0.00008              -0.00000              -0.00054 
              0.00008              -0.00000              -0.00056 
              0.00008              -0.00000              -0.00058 
              0.00008              -0.00000              -0.00061 
              0.00008              -0.00000              -0.00063 
              0.00009              -0.00000              -0.00065 
              0.00009              -0.00000              -0.00066 
              0.00009              -0.00000              -0.00068 
              0.00009              -0.00000              -0.00070 
              0.00009              -0.00000              -0.00071 
              0.00009              -0.00000              -0.00073 
              0.00009              -0.00000              -0.00074 
              0.00009              -0.00000              -0.00076 
              0.00009              -0.00000              -0.00077 
              0.00009              -0.00000              -0.00078 
              0.00009              -0.00000              -0.00079 
              0.00008              -0.00000              -0.00080 
              0.00008              -0.00000              -0.00081 
              0.00008              -0.00000              -0.00082 
              0.00008              -0.00000              -0.00083 
              0.00008              -0.00000              -0.00084 
              0.00008              -0.00000              -0.00084 
              0.00008              -0.00000              -0.00085 
              0.00008              -0.00000              -0.00086 
              0.00007              -0.00000              -0.00087 
              0.00007              -0.00000              -0.00088 
              0.00007              -0.00000              -0.00089 
              0.00007              -0.00000              -0.00090 
              0.00007              -0.00000              -0.00091 
              0.00007              -0.00000              -0.00091 
              0.00007              -0.00000              -0.00092 
              0.00006              -0.00000              -0.00093 
              0.00006              -0.00000              -0.00094 
              0.00006              -0.00000              -0.00095 
              0.00006              -0.00001              -0.00096 
              0.00006              -0.00001              -0.00097 
              0.00005              -0.00001              -0.00098 
              0.00005              -0.00001              -0.00099 
              0.00005              -0.00001              -0.00099 
              0.00005              -0.00001              -0.00100 
              0.00005              -0.00001              -0.00101 
              0.00004              -0.00001              -0.00102 
              0.00004              -0.00001              -0.00103 
              0.00004              -0.00001              -0.00103 
              0.00004              -0.00001              -0.00104 
              0.00003              -0.00001              -0.00105 
              0.00003              -0.00001              -0.00106 
              0.00003              -0.00001              -0.00107 
              0.00003              -0.00001              -0.00107 
              0.00003              -0.00002              -0.00108 
              0.00002              -0.00002              -0.00109 
              0.00002              -0.00002              -0.00110 
              0.00002              -0.00002              -0.00111 
              0.00002              -0.00002              -0.00111 
              0.00001              -0.00002              -0.00112 
              0.00001              -0.00002              -0.00113 
              0.00001              -0.00002              -0.00114 
              0.00000              -0.00002              -0.00115 
              0.00000              -0.00002              -0.00116 
             -0.00000              -0.00002              -0.00117 
             -0.00000              -0.00002              -0.00118 
             -0.00001              -0.00003              -0.00119 
             -0.00001              -0.00003              -0.00119 
             -0.00001              -0.00003              -0.00120 
             -0.00002              -0.00003              -0.00121 
             -0.00002              -0.00003              -0.00122 
             -0.00002              -0.00003              -0.00123 
             -0.00003              -0.00003              -0.00123 
             -0.00003              -0.00003              -0.00124 
             -0.00003              -0.00003              -0.00125 
             -0.00004              -0.00003              -0.00126 
             -0.00004              -0.00003              -0.00126 
             -0.00004              -0.00003              -0.00127 
             -0.00005              -0.00003              -0.00128 
             -0.00005              -0.00003              -0.00128 
             -0.00005              -0.00003              -0.00129 
             -0.00006              -0.00004              -0.00129 
             -0.00006              -0.00004              -0.00130 
             -0.00006              -0.00004              -0.00130 
             -0.00007              -0.00004              -0.00131 
             -0.00007              -0.00004              -0.00131 
             -0.00008              -0.00004              -0.00132 
             -0.00008              -0.00004              -0.00132 
             -0.00008              -0.00004              -0.00132 
             -0.00009              -0.00004              -0.00133 
             -0.00009              -0.00004              -0.00133 
             -0.00010              -0.00004              -0.00133 
             -0.00010              -0.00004              -0.00133 
             -0.00010              -0.00004              -0.00134 
             -0.00011              -0.00004              -0.00134 
             -0.00011              -0.00004              -0.00134 
             -0.00011              -0.00004              -0.00133 
             -0.00012              -0.00004              -0.00133 
             -0.00012              -0.00004              -0.00133 
             -0.00012              -0.00004              -0.00132 
             -0.00013              -0.00004              -0.00132 
             -0.00013              -0.00004              -0.00131 
             -0.00013              -0.00004              -0.00130 
             -0.00014              -0.00004              -0.00129 
             -0.00014              -0.00004              -0.00128 
             -0.00014              -0.00003              -0.00127 
             -0.00014              -0.00003              -0.00126 
             -0.00015              -0.00003              -0.00125 
             -0.00015              -0.00003              -0.00124 
             -0.00015              -0.00003              -0.00122 
             -0.00015              -0.00003              -0.00121 
             -0.00015              -0.00003              -0.00119 
             -0.00015              -0.00003              -0.00118 
             -0.00015              -0.00003              -0.00116 
             -0.00016              -0.00003              -0.00115 
             -0.00016              -0.00003              -0.00114 
             -0.00016              -0.00003              -0.00112 
             -0.00016              -0.00003              -0.00111 
             -0.00016              -0.00003              -0.00110 
             -0.00016              -0.00003              -0.00109 
             -0.00016              -0.00003              -0.00108 
             -0.00016              -0.00003              -0.00107 
             -0.00017              -0.00002              -0.00106 
             -0.00017              -0.00002              -0.00105 
             -0.00017              -0.00002              -0.00104 
             -0.00017              -0.00002              -0.00103 
             -0.00017              -0.00002              -0.00102 
             -0.00017              -0.00002              -0.00102 
             -0.00017              -0.00002              -0.00101 
             -0.00018              -0.00002              -0.00100 
             -0.00018              -0.00002              -0.00099 
             -0.00018              -0.00002              -0.00099 
             -0.00018              -0.00002              -0.00098 
             -0.00018              -0.00002              -0.00097 
             -0.00018              -0.00002              -0.00097 
             -0.00018              -0.00002              -0.00096 
             -0.00018              -0.00002              -0.00095 
             -0.00019              -0.00002              -0.00094 
             -0.00019              -0.00002              -0.00094 
             -0.00019              -0.00002              -0.00093 
             -0.00019              -0.00002              -0.00092 
             -0.00019              -0.00002              -0.00091 
             -0.00019              -0.00002              -0.00090 
             -0.00019              -0.00002              -0.00090 
             -0.00019              -0.00002              -0.00089 
             -0.00019              -0.00002              -0.00088 
             -0.00019              -0.00002              -0.00088 
             -0.00019              -0.00002              -0.00087 
             -0.00020              -0.00002              -0.00086 
             -0.00020              -0.00002              -0.00086 
             -0.00020              -0.00002              -0.00085 
             -0.00020              -0.00002              -0.00085 
             -0.00020              -0.00002              -0.00084 
             -0.00020              -0.00002              -0.00084 
             -0.00020              -0.00002              -0.00083 
             -0.00021              -0.00002              -0.00083 
             -0.00021              -0.00002              -0.00082 
             -0.00021              -0.00002              -0.00082 
             -0.00021              -0.00002              -0.00081 
             -0.00021              -0.00002              -0.00081 
             -0.00021              -0.00002              -0.00080 
             -0.00021              -0.00002              -0.00079 
             -0.00021              -0.00002              -0.00078 
             -0.00021              -0.00002              -0.00078 
             -0.00021              -0.00002              -0.00077 
             -0.00021              -0.00002              -0.00075 
             -0.00021              -0.00002              -0.00074 
             -0.00021              -0.00002              -0.00073 
             -0.00021              -0.00002              -0.00072 
             -0.00020              -0.00001              -0.00071 
             -0.00020              -0.00001              -0.00069 
             -0.00020              -0.00001              -0.00068 
             -0.00020              -0.00001              -0.00066 
             -0.00019              -0.00001              -0.00065 
             -0.00019              -0.00001              -0.00063 
             -0.00018              -0.00001              -0.00062 
             -0.00018              -0.00001              -0.00060 
             -0.00018              -0.00001              -0.00058 
             -0.00017              -0.00001              -0.00056 
             -0.00017              -0.00001              -0.00055 
             -0.00016              -0.00001              -0.00053 
             -0.00016              -0.00001              -0.00051 
             -0.00016              -0.00001              -0.00050 
             -0.00015              -0.00001              -0.00048 
             -0.00015              -0.00001              -0.00046 
             -0.00014              -0.00001              -0.00045 
             -0.00014              -0.00001              -0.00043 
             -0.00014              -0.00000              -0.00042 
             -0.00013              -0.00000              -0.00040 
             -0.00013              -0.00000              -0.00039 
             -0.00013              -0.00000              -0.00038 
             -0.00012              -0.00000              -0.00036 
             -0.00012              -0.00000              -0.00035 
             -0.00011              -0.00000              -0.00034 
             -0.00011              -0.00000              -0.00033 
             -0.00011              -0.00000              -0.00031 
             -0.00010              -0.00000              -0.00030 
             -0.00010               0.00000              -0.00029 
             -0.00010               0.00000              -1.00028 
             -0.00009               0.00000              -1.00027 
             -0.00009               0.00000              -1.00027 
             -0.00009               0.00000              -1.00026 
             -0.00009               0.00001              -1.00026 
             -0.00009               0.00001              -1.00026 
             -0.00009               0.00001              -1.00027 
             -0.00009               0.00002              -1.00027 
             -0.00009               0.00002              -1.00029 
             -0.00009               0.00003              -1.00030 
             -0.00009               0.00003              -1.00032 
             -0.00009               0.00004              -1.00035 
             -0.00010               0.00005              -1.00038 
             -0.00010               0.00006              -1.00041 
             -0.00010               0.00006              -1.00045 
             -0.00011               0.00007              -1.00049 
             -0.00011               0.00008              -1.00055 
             -0.00011               0.00008              -1.00061 
             -0.00012               0.00009              -1.00069 
             -0.00011               0.00009              -1.00079 
             -0.00011               0.00010              -1.00091 
             -0.00010               0.00010              -1.00104 
             -0.00009               0.00011              -1.00119 
             -0.00008               0.00011              -1.00135 
             -0.00006               0.00011              -1.00153 
             -0.00005               0.00011              -1.00172 
             -0.00003               0.00011              -1.00192 
             -0.00002               0.00011              -1.00214 
             -0.00000               0.00011              -1.00237 
              0.00001               0.00011              -1.00262 
              0.00003               0.00012              -1.00288 
              0.00005               0.00012              -1.00317 
              0.00007               0.00012              -1.00346 
              0.00009               0.00012              -1.00378 
              0.00011               0.00012              -1.00412 
              0.00013               0.00013              -1.00448 
              0.00015               0.00013              -1.00486 
              0.00018               0.00013              -1.00527 
              0.00020               0.00013              -1.00570 
              0.00023               0.00013              -1.00617 
              0.00025               0.00014              -1.00666 
              0.00028               0.00014              -1.00719 
              0.00031               0.00014              -1.00775 
              0.00034               0.00015              -1.00835 
              0.00038               0.00015              -1.00898 
              0.00041               0.00015              -1.00966 
              0.00045               0.00016              -1.01039 
              0.00048               0.00016              -1.01116 
              0.00052               0.00016              -1.01199 
              0.00056               0.00017              -1.01286 
              0.00061               0.00017              -1.01379 
              0.00065               0.00018              -1.01478 
              0.00070               0.00018              -1.01583 
              0.00075               0.00019              -1.01694 
              0.00080               0.00019              -1.01812 
              0.00086               0.00020              -1.01936 
              0.00091               0.00021              -1.02068 
              0.00097               0.00022              -1.02206 
              0.00103               0.00022              -1.02352 
              0.00109               0.00023              -1.02506 
              0.00116               0.00024              -1.02668 
              0.00122               0.00025              -1.02838 
              0.00129               0.00026              -1.03017 
              0.00135               0.00027              -1.03205 
              0.00142               0.00028              -1.03402 
              0.00149               0.00029              -1.03608 
              0.00155               0.00030              -1.03824 
              0.00161               0.00031              -1.04050 
              0.00167               0.00032              -1.04285 
              0.00171               0.00033              -1.04531 
              0.00175               0.00034              -1.04787 
              0.00178               0.00035              -1.05052 
              0.00178               0.00035              -1.05327 
              0.00177               0.00036              -1.05610 
              0.00172               0.00036              -1.05901 
              0.00163               0.00036              -1.06197 
              0.00149               0.00035              -1.06498 
              0.00128               0.00035              -1.06798 
              0.00099               0.00034              -1.07096 
              0.00058               0.00032              -1.07384 
              0.00004               0.00031              -1.07657 
             -0.00067               0.00030              -1.07907 
             -0.00157               0.00032              -1.08125 
             -0.00275               0.00035              -1.08295 
             -0.00431               0.00038              -1.08402 
             -0.00633               0.00042              -1.08426 
             -0.00895               0.00046              -1.08337 
             -0.01236               0.00054              -1.08093 
             -0.01676               0.00069              -1.07648 
             -0.02244               0.00096              -1.06941 
             -0.02976               0.00135              -1.05904 
             -0.03895               0.00189              -1.04487 
             -0.05059               0.00263              -1.02583 
             -0.06591               0.00374              -0.99954 
             -0.08621               0.00538              -0.96363 
             -0.11311               0.00781              -0.91525 
             -0.14870               0.01137              -0.85080 
             -0.19567               0.01651              -0.76576 
             -0.25737               0.02375              -0.65458 
             -0.33778               0.03375              -0.51094 
             -0.44129               0.04730              -0.32802 
             -0.57226               0.06533              -0.09941 
             -0.73397               0.08871               0.17915 
             -0.92693               0.11793               0.50721 
             -1.14665               0.15270               0.87630 
             -1.38149               0.19156               1.26666 
             -1.61171               0.23152               1.64622 
             -1.81134               0.26832               1.97365 
             -1.95374               0.29718               2.20695 
             -2.01943               0.31418               2.31554 
             -2.00275               0.31747               2.29044 
             -1.91368               0.30792               2.14710 
             -1.77370               0.28859               1.91926 
             -1.60850               0.26369               1.64777 
             -1.44117               0.23722               1.37008 
             -1.28838               0.21232               1.11392 
             -1.15986               0.19096               0.89619 
             -1.05985               0.17414               0.72484 
             -0.98912               0.16222               0.60196 
             -0.94676               0.15525               0.52657 
             -0.93144               0.15318               0.49668 
             -0.94210               0.15601               0.51042 
             -0.97813               0.16389               0.56643 
             -1.03928               0.17703               0.66377 
             -1.12520               0.19570               0.80122 
             -1.23478               0.22002               0.97621 
             -1.36522               0.24983               1.18353 
             -1.51111               0.28435               1.41402 
             -1.66381               0.32200               1.65377 
             -1.81150               0.36027               1.88442 
             -1.94044               0.39590               2.08512 
             -2.03732               0.42538               2.23608 
             -2.09223               0.44564               2.32286 
             -2.10115               0.45483               2.33982 
             -2.06686               0.45274               2.29148 
             -1.99807               0.44080               2.19103 
             -1.90694               0.42158               2.05680 
             -1.80626               0.39813               1.90821 
             -1.70723               0.37333               1.76238 
             -1.61825               0.34950               1.63240 
             -1.54473               0.32826               1.52698 
             -1.48960               0.31057               1.45104 
             -1.45397               0.29695               1.40674 
             -1.43778               0.28759               1.39438 
             -1.44026               0.28250               1.41306 
             -1.46015               0.28158               1.46102 
             -1.49567               0.28462               1.53558 
             -1.54431               0.29125               1.63294 
             -1.60262               0.30086               1.74776 
             -1.66591               0.31246               1.87291 
             -1.72829               0.32468               1.99951 
             -1.78315               0.33581               2.11758 
             -1.82403               0.34411               2.21732 
             -1.84597               0.34821               2.29097 
             -1.84682               0.34755               2.33461 
             -1.82811               0.34279               2.34966 
             -1.79528               0.33600               2.34345 
             -1.75740               0.33068               2.32921 
             -1.72633               0.33177               2.32529 
             -1.71590               0.34562               2.35417 
             -1.74067               0.37998               2.44068 
             -1.81416               0.44388               2.60905 
             -1.94552               0.54649               2.87743 
             -2.13401               0.69436               3.24888 
             -2.36163               0.88625               3.69953 
             -2.58751               1.10686               4.16812 
             -2.75084               1.32369               4.55650 
             -2.78808               1.49240               4.75133 
             -2.66135               1.57263               4.66709 
             -2.38101               1.54692               4.28929 
             -2.00306               1.42912               3.68555 
             -1.60109               1.25545               2.97250 
             -1.23465               1.06601               2.26434 
             -0.93468               0.89061               1.63827 
             -0.70696               0.74482               1.12866 
             -0.54296               0.63311               0.73888 
             -0.42934               0.55389               0.45648 
             -0.35339               0.50345               0.26443 
             -0.30504               0.47838               0.14729 
             -0.27722               0.47670               0.09396 
             -0.26534               0.49836               0.09841 
             -0.26672               0.54549               0.15961 
             -0.27996               0.62259               0.28113 
             -0.30429               0.73644               0.47013 
             -0.33881               0.89556               0.73540 
             -0.38132               1.10837               1.08310 
             -0.42697               1.37907               1.50923 
             -0.46689               1.70057               1.98865 
             -0.48823               2.04584               2.46466 
             -0.47751               2.36358               2.84930 
             -0.42727               2.58731               3.04592 
             -0.34250               2.66100               2.99178 
             -0.24060               2.56731               2.69342 
             -0.14335               2.33588               2.22390 
             -0.06720               2.02507               1.68443 
             -0.01913               1.69422               1.16243 
              0.00138               1.38545               0.71146 
             -0.00149               1.12001               0.35261 
             -0.02340               0.90323               0.08593 
             -0.06166               0.73124              -0.09800 
             -0.11621               0.59631              -0.21040 
             -0.18971               0.48991              -0.25995 
             -0.28776               0.40422              -0.25095 
             -0.41908               0.33299              -0.18289 
             -0.59559               0.27116              -0.05011 
             -0.83212               0.21523               0.15754 
             -1.14511               0.16308               0.45321 
             -1.54899               0.11443               0.84923 
             -2.04902               0.07108               1.35001 
             -2.62998               0.03652               1.94111 
             -3.24321               0.01477               2.57646 
             -3.80059               0.00841               3.17118 
             -4.18816               0.01628               3.61190 
             -4.30558               0.03270               3.79198 
             -4.11529               0.04945               3.65907 
             -3.66604               0.05973               3.24345 
             -3.06875               0.06105               2.64316 
             -2.44369               0.05505               1.97766 
             -1.87792               0.04513               1.34388 
             -1.41291               0.03448               0.79775 
             -1.05477               0.02465               0.35784 
             -0.79025               0.01672               0.01970 
             -0.59973               0.01075              -0.23223 
             -0.46421               0.00653              -0.41618 
             -0.36807               0.00366              -0.54890 
             -0.29951               0.00180              -0.64410 
             -0.25005               0.00067              -0.71235 
             -0.21371               0.00004              -0.76150 
             -0.18637              -0.00022              -0.79720 
             -0.16520              -0.00022              -0.82350 
             -0.14821               0.00001              -0.84339 
             -0.13402               0.00042              -0.85913 
             -0.12167               0.00096              -0.87229 
             -0.11050               0.00163              -0.88407 
             -0.10006               0.00238              -0.89532 
             -0.09010               0.00316              -0.90666 
             -0.08048               0.00392              -0.91841 
             -0.07120               0.00464              -0.93072 
             -0.06229               0.00526              -0.94358 
             -0.05383               0.00576              -0.95685 
             -0.04591               0.00612              -0.97031 
             -0.03862               0.00635              -0.98375 
             -0.03204               0.00645              -0.99686 
             -0.02618               0.00640              -1.00945 
             -0.02109               0.00623              -1.02118 
             -0.01678               0.00597              -1.03177 
             -0.01314               0.00559              -1.04125 
             -0.01012               0.00510              -1.04955 
             -0.00767               0.00457              -1.05654 
             -0.00576               0.00404              -1.06217 
             -0.00429               0.00354              -1.06654 
             -0.00319               0.00309              -1.06980 
             -0.00238               0.00269              -1.07214 
             -0.00179               0.00235              -1.07375 
             -0.00136               0.00207              -1.07483 
             -0.00104               0.00184              -1.07554 
             -0.00081               0.00166              -1.07603 
             -0.00062               0.00153              -1.07640 
             -0.00047               0.00143              -1.07673 
             -0.00033               0.00136              -1.07706 
             -0.00018               0.00132              -1.07741 
             -0.00002               0.00130              -1.07780 
              0.00017               0.00130              -1.07822 
              0.00038               0.00131              -1.07868 
              0.00062               0.00132              -1.07918 
              0.00088               0.00133              -1.07970 
              0.00116               0.00133              -1.08026 
              0.00145               0.00131              -1.08084 
              0.00174               0.00129              -1.08144 
              0.00204               0.00124              -1.08207 
              0.00233               0.00118              -1.08270 
              0.00260               0.00111              -1.08334 
              0.00286               0.00103              -1.08398 
              0.00310               0.00094              -1.08461 
              0.00330               0.00084              -1.08521 
              0.00348               0.00074              -1.08579 
              0.00362               0.00064              -1.08633 
              0.00373               0.00055              -1.08683 
              0.00379               0.00045              -1.08729 
              0.00383               0.00035              -1.08769 
              0.00383               0.00027              -1.08803 
              0.00380               0.00020              -1.08832 
              0.00374               0.00013              -1.08856 
              0.00365               0.00008              -1.08874 
              0.00354               0.00004              -1.08887 
              0.00341               0.00001              -1.08894 
              0.00326              -0.00000              -1.08896 
              0.00310              -0.00001              -1.08893 
              0.00293              -0.00000              -1.08886 
              0.00275               0.00000              -1.08873 
              0.00257               0.00001              -1.08857 
              0.00238               0.00002              -1.08836 
              0.00220               0.00002              -1.08811 
              0.00201               0.00001              -1.08782 
              0.00183              -0.00001              -1.08748 
              0.00164              -0.00004              -1.08710 
              0.00145              -0.00008              -1.08667 
              0.00126              -0.00014              -1.08618 
              0.00107              -0.00020              -1.08565 
              0.00087              -0.00026              -1.08507 
              0.00067              -0.00033              -1.08444 
              0.00048              -0.00040              -1.08375 
              0.00029              -0.00048              -1.08299 
              0.00010              -0.00055              -1.08218 
             -0.00008              -0.00063              -1.08130 
             -0.00024              -0.00070              -1.08037 
             -0.00040              -0.00077              -1.07938 
             -0.00054              -0.00083              -1.07833 
             -0.00067              -0.00089              -1.07723 
             -0.00077              -0.00093              -1.07610 
             -0.00086              -0.00096              -1.07492 
             -0.00093              -0.00098              -1.07372 
             -0.00098              -0.00098              -1.07250 
             -0.00102              -0.00097              -1.07126 
             -0.00103              -0.00094              -1.07003 
             -0.00102              -0.00090              -1.06882 
             -0.00100              -0.00084              -1.06763 
             -0.00097              -0.00078              -1.06648 
             -0.00092              -0.00071              -1.06540 
             -0.00087              -0.00063              -1.06439 
             -0.00081              -0.00057              -1.06348 
             -0.00075              -0.00051              -1.06267 
             -0.00070              -0.00046              -1.06199 
             -0.00065              -0.00043              -1.06146 
             -0.00061              -0.00042              -1.06106 
             -0.00059              -0.00044              -1.06080 
             -0.00059              -0.00050              -1.06067 
             -0.00060              -0.00060              -1.06064 
             -0.00065              -0.00075              -1.06067 
             -0.00072              -0.00096              -1.06071 
             -0.00081              -0.00123              -1.06072 
             -0.00094              -0.00156              -1.06062 
             -0.00110              -0.00197              -1.06036 
             -0.00129              -0.00245              -1.05985 
             -0.00151              -0.00302              -1.05905 
             -0.00176              -0.00368              -1.05789 
             -0.00204              -0.00443              -1.05630 
             -0.00235              -0.00526              -1.05426 
             -0.00269              -0.00617              -1.05171 
             -0.00305              -0.00716              -1.04865 
             -0.00342              -0.00820              -1.04510 
             -0.00380              -0.00927              -1.04110 
             -0.00419              -0.01038              -1.03658 
             -0.00458              -0.01150              -1.03156 
             -0.00497              -0.01263              -1.02603 
             -0.00535              -0.01375              -1.02001 
             -0.00573              -0.01483              -1.01352 
             -0.00610              -0.01588              -1.00647 
             -0.00648              -0.01688              -0.99880 
             -0.00686              -0.01782              -0.99047 
             -0.00725              -0.01868              -0.98128 
             -0.00767              -0.01946              -0.97106 
             -0.00813              -0.02012              -0.95955 
             -0.00863              -0.02065              -0.94645 
             -0.00920              -0.02099              -0.93134 
             -0.00984              -0.02107              -0.91391 
             -0.01055              -0.02075              -0.89389 
             -0.01131              -0.01989              -0.87121 
             -0.01209              -0.01829              -0.84589 
             -0.01286              -0.01574              -0.81827 
             -0.01355              -0.01205              -0.78900 
             -0.01412              -0.00706              -0.75904 
             -0.01450              -0.00069              -0.72967 
             -0.01465               0.00699              -0.70232 
             -0.01451               0.01581              -0.67854 
             -0.01408               0.02545              -0.65972 
             -0.01336               0.03547              -0.64702 
             -0.01239               0.04536              -0.64115 
             -0.01123               0.05469              -0.64226 
             -0.00993               0.06303              -0.65002 
             -0.00858               0.07006              -0.66360 
             -0.00725               0.07561              -0.68185 
             -0.00599               0.07965              -0.70342 
             -0.00484               0.08228              -0.72693 
             -0.00382               0.08371              -0.75111 
             -0.00296               0.08419              -0.77485 
             -0.00223               0.08401              -0.79733 
             -0.00164               0.08344              -0.81798 
             -0.00117               0.08271              -0.83645 
             -0.00079               0.08201              -0.85262 
             -0.00050               0.08147              -0.86650 
             -0.00026               0.08119              -0.87824 
             -0.00008               0.08121              -0.88805 
              0.00007               0.08153              -0.89615 
              0.00019               0.08215              -0.90279 
              0.00029               0.08302              -0.90821 
              0.00037               0.08412              -0.91262 
              0.00044               0.08538              -0.91620 
              0.00051               0.08677              -0.91911 
              0.00058               0.08822              -0.92151 
              0.00064               0.08971              -0.92352 
              0.00071               0.09118              -0.92525 
              0.00079               0.09259              -0.92681 
              0.00087               0.09391              -0.92829 
              0.00096               0.09511              -0.92979 
              0.00105               0.09614              -0.93136 
              0.00114               0.09699              -0.93311 
              0.00123               0.09762              -0.93510 
              0.00132               0.09801              -0.93740 
              0.00139               0.09814              -0.94007 
              0.00145               0.09798              -0.94314 
              0.00147               0.09754              -0.94662 
              0.00146               0.09682              -0.95050 
              0.00140               0.09584              -0.95474 
              0.00128               0.09466              -0.95924 
              0.00108               0.09333              -0.96390 
              0.00078               0.09194              -0.96853 
              0.00037               0.09061              -0.97294 
             -0.00019               0.08944              -0.97690 
             -0.00094               0.08858              -0.98016 
             -0.00195               0.08815              -0.98243 
             -0.00328               0.08829              -0.98340 
             -0.00507               0.08912              -0.98269 
             -0.00748               0.09075              -0.97991 
             -0.01073               0.09326              -0.97463 
             -0.01514               0.09664              -0.96637 
             -0.02113               0.10085              -0.95462 
             -0.02924               0.10570              -0.93884 
             -0.04024               0.11087              -0.91835 
             -0.05553               0.11583              -0.89192 
             -0.07680               0.11992              -0.85809 
             -0.10646               0.12231              -0.81467 
             -0.14741               0.12215              -0.75895 
             -0.20331               0.11869              -0.68747 
             -0.27850               0.11141              -0.59579 
             -0.37791               0.09999              -0.47852 
             -0.50683               0.08474              -0.32985 
             -0.67023               0.06650              -0.14406 
             -0.87166               0.04657               0.08342 
             -1.11153               0.02667               0.35403 
             -1.38476               0.00866               0.66365 
             -1.67841              -0.00570               0.99990 
             -1.97052              -0.01549               1.34073 
             -2.23191              -0.02136               1.65620 
             -2.43225              -0.02562               1.91443 
             -2.54898              -0.03167               2.09037 
             -2.57443              -0.04249               2.17361 
             -2.51743              -0.05978               2.17054 
             -2.39884              -0.08328               2.10087 
             -2.24447              -0.11158               1.99076 
             -2.07887              -0.14289               1.86666 
             -1.92184              -0.17586               1.75172 
             -1.78755              -0.21018               1.66455 
             -1.68530              -0.24643               1.61984 
             -1.62102              -0.28575               1.62961 
             -1.59866              -0.32945               1.70414 
             -1.62096              -0.37853               1.85219 
             -1.68902              -0.43309               2.07960 
             -1.80060              -0.49195               2.38601 
             -1.94757              -0.55233               2.76012 
             -2.11347              -0.61006               3.17537 
             -2.27342              -0.66039               3.58922 
             -2.39840              -0.69891               3.94877 
             -2.46274              -0.72192               4.20173 
             -2.45117              -0.72594               4.30802 
             -2.36147              -0.70854               4.24816 
             -2.20282              -0.67099               4.02868 
             -1.99315              -0.61992               3.68297 
             -1.75649              -0.56488               3.26405 
             -1.51915              -0.51409               2.83105 
             -1.30420              -0.47240               2.43608 
             -1.12693              -0.44204               2.11666 
             -0.99364              -0.42414               1.89441 
             -0.90354              -0.41946               1.77751 
             -0.85189              -0.42817               1.76446 
             -0.83306              -0.44902               1.84709 
             -0.84247              -0.47865               2.01239 
             -0.87698              -0.51143               2.24360 
             -0.93375              -0.54057               2.52099 
             -1.00819              -0.55971               2.82221 
             -1.09186              -0.56454               3.12185 
             -1.17145              -0.55331               3.39036 
             -1.23010              -0.52668               3.59496 
             -1.25088              -0.48748               3.70472 
             -1.22174              -0.44089               3.70011 
             -1.13965              -0.39381               3.58131 
             -1.01171              -0.35303               3.36963 
             -0.85196              -0.32319               3.10098 
             -0.67577              -0.30609               2.81532 
             -0.49525              -0.30119               2.54759 
             -0.31688              -0.30693               2.32361 
             -0.14099              -0.32229               2.16063 
              0.03763              -0.34752               2.07022 
              0.22838              -0.38358               2.05996 
              0.44197              -0.42987               2.13206 
              0.68546              -0.48106               2.27773 
              0.95538              -0.52473               2.46958 
              1.23251              -0.54302               2.65882 
              1.48468              -0.52025               2.78692 
              1.67994              -0.45206               2.81028 
              1.79958              -0.34744               2.71727 
              1.84013              -0.22216               2.52315 
              1.80795              -0.09182               2.25457 
              1.71521               0.03110               1.93983 
              1.57772               0.13780               1.60513 
              1.41243               0.22294               1.27241 
              1.23473               0.28419               0.95784 
              1.05668               0.32111               0.67153 
              0.88647               0.33406               0.41886 
              0.72881               0.32450               0.20191 
              0.58553               0.29504               0.02085 
              0.45599               0.24920              -0.12464 
              0.33840               0.19108              -0.23552 
              0.22999               0.12492              -0.31302 
              0.12774               0.05476              -0.35885 
              0.02883              -0.01543              -0.37542 
             -0.06913              -0.08181              -0.36575 
             -0.16780              -0.14060              -0.33338 
             -0.26794              -0.18838              -0.28253 
             -0.36894              -0.22278              -0.21785 
             -0.46869              -0.24303              -0.14428 
             -0.56364              -0.25024              -0.06701 
             -0.64897              -0.24696               0.00902 
             -0.72001              -0.23651               0.07909 
             -0.77370              -0.22208               0.13933 
             -0.80945              -0.20617               0.18793 
             -0.82962              -0.19039               0.22566 
             -0.83884              -0.17542               0.25640 
             -0.84294              -0.16182               0.28623 
             -0.84755              -0.15031               0.32276 
             -0.85718              -0.14186               0.37426 
             -0.87493              -0.13765               0.44876 
             -0.90240              -0.13852               0.55301 
             -0.93952              -0.14422               0.69035 
             -0.98390              -0.15221               0.85755 
             -1.03013              -0.15714               1.04121 
             -1.07012              -0.15207               1.21803 
             -1.09558              -0.13216               1.36283 
             -1.10172              -0.09836               1.46149 
             -1.08839              -0.05753               1.51673 
             -1.05731              -0.01860               1.54043 
             -1.00888               0.01119               1.54194 
             -0.94215               0.02792               1.52349 
             -0.85711               0.03088               1.48327 
             -0.75660               0.02203               1.41997 
             -0.64651               0.00537               1.33496 
             -0.53462              -0.01384               1.23160 
             -0.42877              -0.03025               1.11333 
             -0.33519              -0.03964               0.98250 
             -0.25741              -0.03998               0.84053 
             -0.19612              -0.03162               0.68914 
             -0.14980              -0.01684               0.53146 
             -0.11572               0.00127               0.37217 
             -0.09086               0.01981               0.21683 
             -0.07258               0.03674               0.07074 
             -0.05881               0.05098              -0.06205 
             -0.04805               0.06229              -0.17916 
             -0.03924               0.07088              -0.27991 
             -0.03166               0.07724              -0.36496 
             -0.02482               0.08186              -0.43583 
             -0.01839               0.08521              -0.49455 
             -0.01216               0.08760              -0.54331 
             -0.00600               0.08925              -0.58425 
              0.00019               0.09028              -0.61937 
              0.00641               0.09068              -0.65038 
              0.01264               0.09045              -0.67874 
              0.01879               0.08954              -0.70556 
              0.02472               0.08792              -0.73165 
              0.03028               0.08559              -0.75750 
              0.03531               0.08260              -0.78335 
              0.03967               0.07900              -0.80924 
              0.04327               0.07489              -0.83496 
              0.04606               0.07034              -0.86029 
              0.04803               0.06547              -0.88491 
              0.04919               0.06042              -0.90851 
              0.04960               0.05527              -0.93084 
              0.04935               0.05011              -0.95164 
              0.04855               0.04501              -0.97070 
              0.04732               0.04003              -0.98786 
              0.04575               0.03517              -1.00307 
              0.04392               0.03042              -1.01636 
              0.04191               0.02575              -1.02771 
              0.03980               0.02103              -1.03721 
              0.03764               0.01630              -1.04476 
              0.03544               0.01143              -1.05038 
              0.03323               0.00630              -1.05405 
              0.03101               0.00079              -1.05571 
              0.02880              -0.00517              -1.05544 
              0.02657              -0.01188              -1.05297 
              0.02430              -0.01960              -1.04806 
              0.02199              -0.02867              -1.04038 
              0.01964              -0.03937              -1.02964 
              0.01727              -0.05194              -1.01555 
              0.01493              -0.06664              -0.99786 
              0.01263              -0.08372              -0.97628 
              0.01043              -0.10329              -0.95072 
              0.00841              -0.12523              -0.92134 
              0.00664              -0.14914              -0.88867 
              0.00517              -0.17432              -0.85363 
              0.00407              -0.19971              -0.81762 
              0.00336              -0.22391              -0.78232 
              0.00300              -0.24564              -0.74942 
              0.00293              -0.26375              -0.72048 
              0.00312              -0.27747              -0.69663 
              0.00358              -0.28648              -0.67848 
              0.00428              -0.29093              -0.66614 
              0.00519              -0.29125              -0.65932 
              0.00627              -0.28807              -0.65755 
              0.00747              -0.28202              -0.66029 
              0.00874              -0.27364              -0.66703 
              0.01002              -0.26333              -0.67735 
              0.01125              -0.25132              -0.69094 
              0.01236              -0.23770              -0.70755 
              0.01329              -0.22243              -0.72710 
              0.01400              -0.20551              -0.74955 
              0.01447              -0.18703              -0.77485 
              0.01466              -0.16729              -0.80273 
              0.01455              -0.14680              -0.83255 
              0.01414              -0.12629              -0.86345 
              0.01349              -0.10652              -0.89429 
              0.01260              -0.08817              -0.92392 
              0.01152              -0.07167              -0.95137 
              0.01034              -0.05733              -0.97587 
              0.00911              -0.04521              -0.99696 
              0.00791              -0.03522              -1.01443 
              0.00678              -0.02717              -1.02835 
              0.00573              -0.02075              -1.03910 
              0.00478              -0.01570              -1.04707 
              0.00394              -0.01177              -1.05267 
              0.00320              -0.00872              -1.05632 
              0.00255              -0.00632              -1.05856 
              0.00197              -0.00446              -1.05963 
              0.00148              -0.00305              -1.05975 
              0.00107              -0.00199              -1.05917 
              0.00072              -0.00119              -1.05812 
              0.00043              -0.00060              -1.05676 
              0.00019              -0.00018              -1.05526 
             -0.00002               0.00012              -1.05372 
             -0.00019               0.00033              -1.05222 
             -0.00034               0.00048              -1.05082 
             -0.00046               0.00057              -1.04957 
             -0.00058               0.00060              -1.04850 
             -0.00067               0.00061              -1.04759 
             -0.00075               0.00060              -1.04684 
             -0.00082               0.00058              -1.04624 
             -0.00087               0.00054              -1.04577 
             -0.00092               0.00050              -1.04542 
             -0.00096               0.00046              -1.04516 
             -0.00098               0.00041              -1.04499 
             -0.00100               0.00036              -1.04489 
             -0.00102               0.00030              -1.04486 
             -0.00102               0.00023              -1.04487 
             -0.00101               0.00017              -1.04492 
             -0.00098               0.00011              -1.04499 
             -0.00094               0.00004              -1.04510 
             -0.00088              -0.00002              -1.04523 
             -0.00081              -0.00008              -1.04539 
             -0.00071              -0.00013              -1.04557 
             -0.00060              -0.00018              -1.04577 
             -0.00046              -0.00023              -1.04601 
             -0.00029              -0.00026              -1.04626 
             -0.00008              -0.00029              -1.04653 
              0.00016              -0.00029              -1.04680 
              0.00044              -0.00027              -1.04708 
              0.00077              -0.00022              -1.04736 
              0.00115              -0.00013              -1.04763 
              0.00157              -0.00001              -1.04788 
              0.00206               0.00015              -1.04810 
              0.00259               0.00035              -1.04833 
              0.00318               0.00060              -1.04852 
              0.00382               0.00091              -1.04866 
              0.00452               0.00127              -1.04876 
              0.00527               0.00168              -1.04880 
              0.00606               0.00213              -1.04872 
              0.00688               0.00260              -1.04852 
              0.00773               0.00308              -1.04815 
              0.00858               0.00354              -1.04760 
              0.00940               0.00394              -1.04684 
              0.01019               0.00427              -1.04581 
              0.01087               0.00447              -1.04451 
              0.01145               0.00450              -1.04284 
              0.01187               0.00432              -1.04075 
              0.01209               0.00387              -1.03814 
              0.01207               0.00312              -1.03500 
              0.01175               0.00197              -1.03116 
              0.01110               0.00040              -1.02654 
              0.01004              -0.00170              -1.02090 
              0.00855              -0.00434              -1.01413 
              0.00654              -0.00765              -1.00585 
              0.00394              -0.01179              -0.99556 
              0.00066              -0.01685              -0.98274 
             -0.00335              -0.02293              -0.96691 
             -0.00813              -0.03010              -0.94756 
             -0.01367              -0.03839              -0.92424 
             -0.01992              -0.04775              -0.89669 
             -0.02674              -0.05797              -0.86506 
             -0.03386              -0.06873              -0.83000 
             -0.04091              -0.07947              -0.79298 
             -0.04732              -0.08941              -0.75646 
             -0.05245              -0.09758              -0.72379 
             -0.05573              -0.10305              -0.69865 
             -0.05682              -0.10517              -0.68411 
             -0.05573              -0.10384              -0.68164 
             -0.05283              -0.09948              -0.69057 
             -0.04874              -0.09297              -0.70854 
             -0.04404              -0.08528              -0.73230 
             -0.03923              -0.07726              -0.75877 
             -0.03462              -0.06951              -0.78559 
             -0.03036              -0.06235              -0.81126 
             -0.02654              -0.05593              -0.83497 
