              0.00000               0.00000              -1.65000 
             -0.00000              -0.00000              -1.65000 
              0.00000              -0.00000              -1.65000 
              0.00000              -0.00000              -1.65000 
             -0.00000               0.00000              -1.65000 
              0.00000              -0.00000              -1.65000 
              0.00000               0.00000              -1.65000 
             -0.00000               0.00000              -1.65000 
             -0.00000               0.00000              -1.65000 
              0.00000               0.00000              -1.65000 
              0.00000              -0.00000              -1.65000 
              0.00000              -0.00000              -1.65000 
              0.00000               0.00000              -1.65000 
              0.00000               0.00000              -1.65000 
              0.00000               0.00000              -1.65000 
              0.00000              -0.00000              -1.65000 
             -0.00000              -0.00000              -1.65000 
              0.00000               0.00000              -1.65000 
             -0.00000               0.00000              -1.65000 
             -0.00000               0.00000              -1.65000 
             -0.00000               0.00000              -1.65000 
              0.00000               0.00000              -1.65000 
              0.00000              -0.00000              -1.65000 
              0.00000               0.00000              -1.65000 
              0.00001              -0.00000              -1.65003 
              0.00004              -0.00000              -1.65011 
              0.00009              -0.00000              -1.65026 
              0.00019              -0.00000              -1.65053 
              0.00031              -0.00000              -1.65086 
              0.00045              -0.00000              -1.65125 
              0.00061              -0.00001              -1.65168 
              0.00078               0.00001              -1.65220 
              0.00095               0.00003              -1.65283 
              0.00113               0.00004              -1.65366 
              0.00150               0.00008              -1.65521 
              0.00171               0.00009              -1.65655 
              0.00192               0.00010              -1.65806 
              0.00215               0.00011              -1.65970 
              0.00240               0.00012              -1.66150 
              0.00267               0.00012              -1.66350 
              0.00297               0.00013              -1.66574 
              0.00329               0.00014              -1.66825 
              0.00365               0.00015              -1.67108 
              0.00401               0.00016              -1.67434 
              0.00433               0.00017              -1.67811 
              0.00463               0.00017              -1.68239 
              0.00494               0.00018              -1.68718 
              0.00526               0.00018              -1.69246 
              0.00560               0.00018              -1.69824 
              0.00596               0.00018              -1.70452 
              0.00633               0.00018              -1.71132 
              0.00671               0.00018              -1.71866 
              0.00710               0.00017              -1.72656 
              0.00751               0.00016              -1.73508 
              0.00793               0.00015              -1.74427 
              0.00835               0.00014              -1.75421 
              0.00878               0.00012              -1.76497 
              0.00921               0.00011              -1.77663 
              0.00964               0.00010              -1.78926 
              0.01004               0.00009              -1.80291 
              0.01040               0.00008              -1.81762 
              0.01070               0.00008              -1.83340 
              0.01088               0.00008              -1.85022 
              0.01091               0.00007              -1.86802 
              0.01070               0.00007              -1.88670 
              0.01015               0.00007              -1.90605 
              0.00912               0.00007              -1.92579 
              0.00740               0.00007              -1.94547 
              0.00487               0.00011              -1.96456 
              0.00165               0.00015              -1.98258 
             -0.00324               0.00020              -1.99771 
             -0.01062               0.00026              -2.00793 
             -0.02152               0.00037              -2.01051 
             -0.03739               0.00053              -2.00174 
             -0.06028               0.00079              -1.97686 
             -0.09311               0.00119              -1.93010 
             -0.13918               0.00181              -1.85268 
             -0.20143               0.00274              -1.73762 
             -0.28978               0.00442              -1.56182 
             -0.41654               0.00689              -1.29772 
             -0.59662               0.01048              -0.91304 
             -0.84773               0.01589              -0.37090 
             -1.18660               0.02394               0.36114 
             -1.62116               0.03491               1.29490 
             -2.13713               0.04882               2.39516 
             -2.68277               0.06472               3.54816 
             -3.16810               0.08033               4.56346 
             -3.49304               0.09276               5.23363 
             -3.59721               0.09975               5.43577 
             -3.49549               0.10087               5.20294 
             -3.26716               0.09773               4.70122 
             -3.00907               0.09298               4.13356 
             -2.79557               0.08906               3.65644 
             -2.66665               0.08762               3.35409 
             -2.63547               0.08951               3.25336 
             -2.69930               0.09502               3.34682 
             -2.84591               0.10404               3.60663 
             -3.05480               0.11597               3.98849 
             -3.29685               0.12969               4.43178 
             -3.53603               0.14357               4.86387 
             -3.73557               0.15580               5.21281 
             -3.86770               0.16499               5.42599 
             -3.92210               0.17063               5.48570 
             -3.90792               0.17320               5.41193 
             -3.84809               0.17388               5.25066 
             -3.76964               0.17413               5.05499 
             -3.69485               0.17522               4.86823 
             -3.63575               0.17792               4.71378 
             -3.59224               0.18235               4.59203 
             -3.55340               0.18797               4.48357 
             -3.50225               0.19377               4.35831 
             -3.42314               0.19866               4.18921 
             -3.30984               0.20207               3.96671 
             -3.17066               0.20442               3.70786 
             -3.02876               0.20739               3.45752 
             -2.91683               0.21384               3.27975 
             -2.86843               0.22748               3.24347 
             -2.90771               0.25209               3.40414 
             -3.03832               0.29035               3.78200 
             -3.23443               0.34205               4.34068 
             -3.44001               0.40246               4.97753 
             -3.58405               0.46258               5.54397 
             -3.61259               0.51256               5.90582 
             -3.52073               0.54720               6.01876 
             -3.35568               0.56941               5.95634 
             -3.18683               0.58842               5.86314 
             -3.06937               0.61466               5.87527 
             -3.02434               0.65513               6.06139 
             -3.03638               0.71058               6.40082 
             -3.06216               0.77456               6.79098 
             -3.04616               0.83478               7.08122 
             -2.94390               0.87758               7.13415 
             -2.74368               0.89433               6.89220 
             -2.47085               0.88563               6.40344 
             -2.17093               0.86011               5.78776 
             -1.88651               0.82977               5.17602 
             -1.64348               0.80536               4.66487 
             -1.44896               0.79368               4.29987 
             -1.29581               0.79634               4.07691 
             -1.16866               0.80961               3.95099 
             -1.04996               0.82519               3.84942 
             -0.92557               0.83229               3.69138 
             -0.78928               0.82098               3.41325 
             -0.64411               0.78555               2.98985 
             -0.49980               0.72667               2.44129 
             -0.36742               0.64998               1.81784 
             -0.25499               0.56337               1.17740 
             -0.16603               0.47470               0.56908 
             -0.10012               0.39002               0.02450 
             -0.05403               0.31320              -0.44143 
             -0.02377               0.24615              -0.82718 
             -0.00517               0.18927              -1.13718 
              0.00509               0.14230              -1.37991 
              0.00949               0.10433              -1.56418 
              0.01041               0.07428              -1.69907 
              0.00927               0.05000              -1.79880 
              0.00707               0.03104              -1.86758 
              0.00468               0.01715              -1.90820 
              0.00252               0.00744              -1.92652 
              0.00079               0.00102              -1.92828 
             -0.00045              -0.00297              -1.91877 
             -0.00125              -0.00525              -1.90243 
             -0.00171              -0.00642              -1.88269 
             -0.00192              -0.00690              -1.86196 
             -0.00208              -0.00708              -1.84186 
             -0.00230              -0.00712              -1.82322 
             -0.00241              -0.00683              -1.80608 
             -0.00242              -0.00640              -1.79032 
             -0.00237              -0.00593              -1.77583 
             -0.00227              -0.00546              -1.76253 
             -0.00209              -0.00508              -1.75047 
             -0.00184              -0.00483              -1.73968 
             -0.00155              -0.00466              -1.73007 
             -0.00130              -0.00449              -1.72154 
             -0.00107              -0.00432              -1.71413 
             -0.00089              -0.00416              -1.70786 
             -0.00076              -0.00401              -1.70273 
             -0.00070              -0.00385              -1.69866 
             -0.00069              -0.00370              -1.69549 
             -0.00069              -0.00356              -1.69294 
             -0.00071              -0.00343              -1.69077 
             -0.00072              -0.00330              -1.68873 
             -0.00073              -0.00317              -1.68663 
             -0.00074              -0.00302              -1.68434 
             -0.00076              -0.00285              -1.68178 
             -0.00077              -0.00267              -1.67898 
             -0.00079              -0.00248              -1.67598 
             -0.00080              -0.00227              -1.67285 
             -0.00081              -0.00206              -1.66971 
             -0.00081              -0.00186              -1.66665 
             -0.00080              -0.00166              -1.66374 
             -0.00079              -0.00148              -1.66105 
             -0.00077              -0.00131              -1.65863 
             -0.00073              -0.00113              -1.65655 
             -0.00060              -0.00091              -1.65496 
             -0.00046              -0.00069              -1.65369 
             -0.00033              -0.00049              -1.65261 
             -0.00021              -0.00031              -1.65168 
             -0.00011              -0.00016              -1.65087 
             -0.00004              -0.00005              -1.65029 
             -0.00000              -0.00001              -1.65004 
             -0.00000              -0.00000              -1.65000 
             -0.00000               0.00000              -1.65000 
             -0.00000              -0.00000              -1.65000 
              0.00000               0.00000              -1.65000 
             -0.00000               0.00000              -1.65000 
              0.00000              -0.00000              -1.65000 
             -0.00000              -0.00000              -1.65000 
              0.00000               0.00000              -1.65000 
             -0.00000              -0.00000              -1.65000 
              0.00000              -0.00000              -1.65000 
             -0.00000               0.00000              -1.65000 
             -0.00000               0.00000              -1.65000 
             -0.00000               0.00000              -1.65000 
             -0.00000              -0.00000              -1.65000 
             -0.00000              -0.00000              -1.65000 
              0.00000              -0.00000              -1.65000 
              0.00000               0.00000              -1.65000 
             -0.00000               0.00000              -1.65000 
              0.00000               0.00000              -1.65000 
             -0.00000              -0.00000              -1.65000 
             -0.00000               0.00000              -1.65000 
             -0.00000              -0.00000              -1.65000 
              0.00000              -0.00000              -1.65000 
              0.00000              -0.00000              -1.65000 
              0.00000              -0.00000              -1.65000 
             -0.00000              -0.00000              -1.65000 
              0.00000              -0.00000              -1.65000 
              0.00000              -0.00000              -1.65000 
              0.00000               0.00000              -1.65000 
              0.00000               0.00000              -1.65000 
             -0.00000               0.00000              -1.65000 
             -0.00000              -0.00000              -1.65000 
              0.00000               0.00000              -1.65000 
             -0.00000              -0.00000              -1.65000 
              0.00000               0.00000              -1.65000 
             -0.00000              -0.00000              -1.65000 
             -0.00000              -0.00000              -1.65000 
             -0.00000               0.00000              -1.65000 
              0.00000              -0.00000              -1.65000 
             -0.00000              -0.00000              -1.65000 
             -0.00000              -0.00000              -1.65000 
              0.00000               0.00000              -1.65000 
             -0.00000              -0.00000              -1.65000 
             -0.00000              -0.00000              -1.65000 
              0.00000              -0.00000              -1.65000 
             -0.00000              -0.00000              -1.65000 
             -0.00000              -0.00000              -1.65000 
             -0.00000              -0.00000              -1.65000 
             -0.00000               0.00000              -1.65000 
             -0.00000               0.00000              -1.65000 
             -0.00000              -0.00000              -1.65000 
              0.00000               0.00000              -1.65000 
              0.00000               0.00000              -1.65000 
             -0.00000              -0.00000              -1.65000 
              0.00000               0.00000              -1.65000 
             -0.00000               0.00000              -1.65000 
             -0.00000              -0.00000              -1.65000 
             -0.00000               0.00000              -1.65000 
              0.00000               0.00000              -1.65000 
             -0.00000               0.00000              -1.65000 
              0.00000              -0.00000              -1.65000 
             -0.00000               0.00000              -1.65000 
              0.00000               0.00000              -1.65000 
             -0.00000               0.00000              -1.65000 
              0.00000               0.00000              -1.65000 
             -0.00000              -0.00000              -1.65000 
              0.00000              -0.00000              -1.65000 
             -0.00000              -0.00000              -1.65000 
              0.00000               0.00000              -1.65000 
              0.00000               0.00000              -1.65000 
             -0.00000              -0.00000              -1.65000 
              0.00000               0.00000              -1.65000 
              0.00000              -0.00000              -1.65000 
             -0.00000               0.00000              -1.65000 
             -0.00000               0.00000              -1.65000 
              0.00000               0.00000              -1.65002 
              0.00001               0.00000              -1.65012 
              0.00005               0.00000              -1.65052 
              0.00012               0.00001              -1.65121 
              0.00019               0.00001              -1.65203 
              0.00026               0.00000              -1.65294 
              0.00032              -0.00001              -1.65392 
              0.00038              -0.00003              -1.65493 
              0.00043              -0.00005              -1.65596 
              0.00047              -0.00008              -1.65699 
              0.00050              -0.00013              -1.65804 
              0.00052              -0.00018              -1.65914 
              0.00053              -0.00024              -1.66036 
              0.00055              -0.00032              -1.66175 
              0.00057              -0.00041              -1.66341 
              0.00058              -0.00053              -1.66540 
              0.00060              -0.00069              -1.66779 
              0.00062              -0.00087              -1.67063 
              0.00063              -0.00110              -1.67393 
              0.00065              -0.00138              -1.67768 
              0.00066              -0.00170              -1.68181 
              0.00062              -0.00202              -1.68631 
              0.00051              -0.00231              -1.69115 
              0.00035              -0.00245              -1.69641 
              0.00031              -0.00244              -1.71195 
              0.00028              -0.00241              -1.71733 
              0.00026              -0.00237              -1.72243 
              0.00023              -0.00232              -1.72718 
              0.00020              -0.00227              -1.73156 
              0.00016              -0.00222              -1.73563 
              0.00013              -0.00218              -1.73949 
              0.00009              -0.00215              -1.74328 
              0.00006              -0.00214              -1.74715 
              0.00003              -0.00216              -1.75132 
              0.00001              -0.00222              -1.75603 
             -0.00001              -0.00233              -1.76157 
             -0.00001              -0.00249              -1.76827 
             -0.00001              -0.00270              -1.77650 
             -0.00001              -0.00296              -1.78672 
              0.00000              -0.00326              -1.79932 
              0.00002              -0.00361              -1.81461 
              0.00006              -0.00397              -1.83260 
              0.00010              -0.00428              -1.85286 
              0.00015              -0.00441              -1.87424 
              0.00017              -0.00414              -1.89465 
              0.00011              -0.00302              -1.91087 
             -0.00010              -0.00020              -1.91847 
             -0.00062               0.00500              -1.91102 
             -0.00165               0.01360              -1.88016 
             -0.00348               0.02716              -1.81522 
             -0.00649               0.04756              -1.70529 
             -0.01158               0.07796              -1.53243 
             -0.01961               0.12471              -1.25943 
             -0.03182               0.19751              -0.83470 
             -0.05024               0.31106              -0.19116 
             -0.07805               0.48490               0.75590 
             -0.11840               0.74077               2.07682 
             -0.17122               1.08920               3.75041 
             -0.23023               1.50124               5.54002 
             -0.27932               1.88254               6.93406 
             -0.29892               2.10215               7.37728 
             -0.28203               2.08909               6.72518 
             -0.24090               1.89300               5.38213 
             -0.19475               1.62850               3.92129 
             -0.15635               1.38909               2.71122 
             -0.12970               1.21876               1.86654 
             -0.11410               1.12797               1.36548 
             -0.10769               1.11556               1.15289 
             -0.10901               1.18208               1.18801 
             -0.11737               1.33573               1.45761 
             -0.13251               1.59419               1.97303 
             -0.15382               1.98247               2.75629 
             -0.17887               2.52293               3.80962 
             -0.20146               3.21164               5.06251 
             -0.21063               3.98272               6.31372 
             -0.19442               4.68929               7.23752 
             -0.14884               5.15194               7.53076 
             -0.08439               5.26974               7.12496 
             -0.02041               5.08395               6.23072 
              0.02635               4.72133               5.15855 
              0.04624               4.29360               4.12952 
              0.03482               3.85097               3.22760 
             -0.01477               3.39591               2.45838 
             -0.11431               2.91850               1.81509 
             -0.27070               2.42069               1.30247 
             -0.48535               1.91961               0.93635 
             -0.75386               1.43739               0.73225 
             -1.06865               0.99284               0.69256 
             -1.42007               0.59010               0.81197 
             -1.79862               0.21773               1.08291 
             -2.19525              -0.13200               1.48699 
             -2.59735              -0.45801               1.99433 
             -2.98463              -0.74759               2.55908 
             -3.32939              -0.97814               3.11950 
             -3.60625              -1.12632               3.60927 
             -3.80651              -1.18171               3.98320 
             -3.94765              -1.15369               4.24301 
             -4.07129              -1.06678               4.44372 
             -4.23105              -0.95138               4.67595 
             -4.47411              -0.83392               5.03139 
             -4.82065              -0.72951               5.56333 
             -5.24373              -0.64348               6.25090 
             -5.65588              -0.57846               6.97793 
             -5.92107              -0.54107               7.54994 
             -5.90894              -0.54152               7.76727 
             -5.57019              -0.58430               7.52867 
             -4.97160              -0.65976               6.88885 
             -4.25440              -0.74781               6.01920 
             -3.55627              -0.83077               5.11236 
             -2.96278              -0.90254               4.31173 
             -2.50602              -0.96895               3.69802 
             -2.18600              -1.04394               3.31091 
             -1.99070              -1.14671               3.17543 
             -1.90634              -1.30000               3.31626 
             -1.91874              -1.52621               3.75263 
             -2.00895              -1.83568               4.46926 
             -2.14683              -2.20413               5.36703 
             -2.28791              -2.54930               6.22247 
             -2.37802              -2.74003               6.71791 
             -2.36504              -2.66630               6.58180 
             -2.21685              -2.32636               5.75895 
             -1.94131              -1.83424               4.45033 
             -1.58750              -1.33341               2.97470 
             -1.22026              -0.91632               1.59954 
             -0.89102              -0.60951               0.46643 
             -0.62505              -0.40012              -0.39202 
             -0.42566              -0.26280              -1.00419 
             -0.28392              -0.17420              -1.42012 
             -0.18741              -0.11546              -1.69287 
             -0.12122              -0.07404              -1.87407 
             -0.07457              -0.04705              -1.98823 
             -0.04407              -0.02940              -2.05096 
             -0.02477              -0.01798              -2.07895 
             -0.01290              -0.01065              -2.08525 
             -0.00581              -0.00601              -2.07953 
             -0.00169              -0.00312              -2.06866 
              0.00061              -0.00144              -2.05740 
              0.00185              -0.00060              -2.04808 
              0.00254              -0.00033              -2.04142 
              0.00295              -0.00049              -2.03735 
              0.00326              -0.00096              -2.03527 
              0.00355              -0.00165              -2.03444 
              0.00386              -0.00245              -2.03417 
              0.00419              -0.00325              -2.03402 
              0.00451              -0.00395              -2.03377 
              0.00480              -0.00450              -2.03340 
              0.00503              -0.00490              -2.03300 
              0.00520              -0.00518              -2.03271 
              0.00536              -0.00544              -2.03265 
              0.00556              -0.00575              -2.03293 
              0.00589              -0.00620              -2.03353 
              0.00645              -0.00683              -2.03429 
              0.00737              -0.00765              -2.03490 
              0.00876              -0.00864              -2.03502 
              0.01072              -0.00971              -2.03439 
              0.01328              -0.01078              -2.03301 
              0.01636              -0.01169              -2.03125 
              0.01972              -0.01233              -2.02976 
              0.02296              -0.01256              -2.02930 
              0.02560              -0.01232              -2.03052 
              0.02715              -0.01160              -2.03368 
              0.02725              -0.01047              -2.03847 
              0.02579              -0.00904              -2.04409 
              0.02295              -0.00744              -2.04940 
              0.01912              -0.00581              -2.05326 
              0.01486              -0.00427              -2.05486 
              0.01052              -0.00328              -2.05425 
              0.00663              -0.00251              -2.05149 
              0.00346              -0.00173              -2.04709 
              0.00085              -0.00106              -2.04205 
             -0.00132              -0.00053              -2.03711 
             -0.00287               0.00004              -2.03241 
             -0.00392               0.00064              -2.02815 
             -0.00462               0.00125              -2.02435 
             -0.00505               0.00188              -2.02101 
             -0.00528               0.00250              -2.01816 
             -0.00535               0.00310              -2.01584 
             -0.00529               0.00367              -2.01409 
             -0.00511               0.00418              -2.01293 
             -0.00486               0.00460              -2.01226 
             -0.00455               0.00492              -2.01184 
             -0.00420               0.00511              -2.01136 
             -0.00383               0.00518              -2.01045 
             -0.00347               0.00515              -2.00876 
             -0.00312               0.00507              -2.00604 
             -0.00278               0.00497              -2.00217 
             -0.00247               0.00492              -1.99717 
             -0.00219               0.00496              -1.99124 
             -0.00192               0.00503              -1.98462 
             -0.00167               0.00510              -1.97765 
             -0.00144               0.00516              -1.97074 
             -0.00124               0.00519              -1.96422 
             -0.00105               0.00519              -1.95831 
             -0.00082               0.00523              -1.95310 
             -0.00057               0.00533              -1.94838 
             -0.00036               0.00544              -1.94373 
             -0.00019               0.00559              -1.93875 
             -0.00007               0.00583              -1.93302 
              0.00000               0.00617              -1.92619 
              0.00001               0.00657              -1.91793 
             -0.00006               0.00698              -1.90796 
             -0.00020               0.00731              -1.89607 
             -0.00040               0.00747              -1.88216 
             -0.00062               0.00740              -1.86638 
             -0.00087               0.00677              -1.84945 
             -0.00109               0.00571              -1.83198 
             -0.00127               0.00467              -1.81457 
             -0.00143               0.00374              -1.79824 
             -0.00159               0.00300              -1.78389 
             -0.00175               0.00242              -1.77204 
             -0.00190               0.00197              -1.76277 
             -0.00203               0.00160              -1.75587 
             -0.00214               0.00127              -1.75086 
             -0.00224               0.00099              -1.74725 
             -0.00236               0.00070              -1.74460 
             -0.00257               0.00034              -1.74267 
             -0.00279              -0.00001              -1.74109 
             -0.00297              -0.00033              -1.73974 
             -0.00311              -0.00061              -1.73868 
             -0.00320              -0.00085              -1.73807 
             -0.00325              -0.00107              -1.73819 
             -0.00328              -0.00128              -1.73931 
             -0.00328              -0.00148              -1.74170 
             -0.00328              -0.00168              -1.74564 
             -0.00331              -0.00185              -1.75134 
             -0.00338              -0.00201              -1.75892 
             -0.00346              -0.00216              -1.76831 
             -0.00352              -0.00232              -1.77940 
             -0.00354              -0.00248              -1.79198 
             -0.00358              -0.00270              -1.80586 
             -0.00364              -0.00300              -1.82073 
             -0.00372              -0.00337              -1.83621 
             -0.00374              -0.00374              -1.85180 
             -0.00365              -0.00404              -1.86705 
             -0.00343              -0.00424              -1.88155 
             -0.00307              -0.00424              -1.89493 
             -0.00252              -0.00394              -1.90683 
             -0.00180              -0.00310              -1.91694 
             -0.00086              -0.00167              -1.92470 
              0.00034               0.00042              -1.92935 
              0.00187               0.00338              -1.92996 
              0.00381               0.00749              -1.92505 
              0.00629               0.01318              -1.91244 
              0.00945               0.02108              -1.88860 
              0.01352               0.03220              -1.84789 
              0.01881               0.04810              -1.78122 
              0.02577               0.07101              -1.67500 
              0.03557               0.10621              -1.49625 
              0.05053               0.16484              -1.17441 
              0.07417               0.26676              -0.57790 
              0.11135               0.44633               0.53634 
              0.16663               0.75549               2.56282 
              0.23718               1.24307               5.92836 
              0.29703               1.86595              10.45948 
              0.29717               2.36117              14.31320 
              0.21984               2.38585              14.77156 
              0.11776               1.96134              11.70822 
              0.04547               1.42910               7.65453 
              0.01046               1.02706               4.50942 
             -0.00224               0.79514               2.61038 
             -0.00474               0.69572               1.63905 
             -0.00213               0.69123               1.25593 
              0.00479               0.75927               1.23971 
              0.01702               0.88617               1.45195 
              0.03572               1.05671               1.78418 
              0.06075               1.24687               2.12868 
              0.08975               1.42353               2.37880 
              0.11827               1.55274               2.45321 
              0.14144               1.61236               2.32288 
              0.15605               1.60023               2.01750 
              0.16159               1.53214               1.60491 
              0.15977               1.43254               1.15967 
              0.15314               1.32464               0.73923 
              0.14388               1.22483               0.37590 
              0.13324               1.14164               0.08018 
              0.12142               1.07699              -0.15186 
              0.10778               1.02818              -0.33176 
              0.09093               0.98949              -0.47411 
              0.06906               0.95352              -0.59366 
              0.04031               0.91263              -0.70313 
              0.00328               0.86042              -0.81159 
             -0.04223               0.79340              -0.92336 
             -0.09547               0.71180              -1.03732 
             -0.15497               0.61936              -1.14776 
             -0.22019               0.52174              -1.24511 
             -0.29065               0.42507              -1.31992 
             -0.36706               0.33419              -1.36377 
             -0.45151               0.25137              -1.36946 
             -0.54678               0.17673              -1.33154 
             -0.65484               0.10838              -1.24793 
             -0.77424               0.04566              -1.11976 
             -0.89869              -0.01099              -0.95365 
             -1.01757              -0.05911              -0.76291 
             -1.11893              -0.09826              -0.56437 
             -1.19596              -0.13031              -0.36785 
             -1.25380              -0.15673              -0.16863 
             -1.31256              -0.18095               0.06554 
             -1.40602              -0.20805               0.39961 
             -1.57440              -0.24517               0.92839 
             -1.84777              -0.30348               1.75666 
             -2.21693              -0.40075               2.94720 
             -2.59418              -0.56155               4.42975 
             -2.80326              -0.80351               5.91468 
             -2.66546              -1.10127               6.93446 
             -2.15729              -1.36270               7.09368 
             -1.45784              -1.48311               6.36272 
             -0.79619              -1.43977               5.09760 
             -0.29174              -1.30179               3.77405 
              0.06134              -1.15924               2.73185 
              0.32961              -1.06973               2.11018 
              0.58733              -1.05110               1.91125 
              0.89247              -1.09106               2.06966 
              1.27095              -1.15194               2.46899 
              1.69462              -1.17444               2.92245 
              2.07038              -1.09916               3.18693 
              2.27785              -0.90715               3.06085 
              2.24974              -0.64191               2.50980 
              2.01787              -0.37922               1.68145 
              1.67858              -0.17662               0.78926 
              1.32705              -0.05161              -0.00571 
              1.02092               0.00735              -0.63209 
              0.77981               0.02265              -1.08468 
              0.60069               0.01326              -1.39173 
              0.47098              -0.00939              -1.59006 
              0.37663              -0.03918              -1.71187 
              0.30521              -0.07364              -1.78213 
              0.24754              -0.11145              -1.81890 
              0.19717              -0.15202              -1.83502 
              0.15173              -0.19302              -1.83810 
              0.11088              -0.23188              -1.83335 
              0.07528              -0.26652              -1.82369 
              0.04585              -0.29530              -1.81104 
              0.02316              -0.31748              -1.79632 
              0.00706              -0.33361              -1.77933 
             -0.00310              -0.34547              -1.75875 
             -0.00829              -0.35499              -1.73331 
             -0.00954              -0.36379              -1.70223 
             -0.00776              -0.37280              -1.66582 
             -0.00371              -0.38224              -1.62534 
              0.00195              -0.39203              -1.58266 
              0.00857              -0.40238              -1.53905 
              0.01554              -0.41464              -1.49376 
              0.02243              -0.43158              -1.44319 
              0.02898              -0.45697              -1.38153 
              0.03510              -0.49464              -1.30279 
              0.04061              -0.54722              -1.20353 
              0.04508              -0.61515              -1.08526 
              0.04778              -0.69599              -0.95544 
              0.04772              -0.78433              -0.82642 
              0.04389              -0.87241              -0.71280 
              0.03585              -0.95187              -0.62692 
              0.02401              -1.01655              -0.57409 
              0.00956              -1.06494              -0.55014 
             -0.00588              -1.10130              -0.54208 
             -0.02107              -1.13511              -0.53058 
             -0.03560              -1.17945              -0.49344 
             -0.04997              -1.25023              -0.40651 
             -0.06581              -1.36636              -0.24300 
             -0.08599              -1.55140               0.02861 
             -0.11443              -1.83464               0.44473 
             -0.15670              -2.24570               1.03929 
             -0.21751              -2.79534               1.81692 
             -0.29642              -3.43720               2.71156 
             -0.38655              -4.03330               3.54721 
             -0.47332              -4.38004               4.07206 
             -0.53811              -4.32835               4.09968 
             -0.56709              -3.90123               3.64202 
             -0.55810              -3.26722               2.88339 
             -0.52089              -2.61209               2.04361 
             -0.47071              -2.05175               1.27778 
             -0.42121              -1.62350               0.65681 
             -0.38057              -1.31650               0.18991 
             -0.35234              -1.10161              -0.14570 
             -0.33597              -0.94921              -0.38223 
             -0.32912              -0.83605              -0.55043 
             -0.32885              -0.74606              -0.67553 
             -0.33189              -0.66906              -0.77674 
             -0.33526              -0.59957              -0.86699 
             -0.33660              -0.53584              -0.95348 
             -0.33475              -0.47882              -1.03744 
             -0.32998              -0.43109              -1.11467 
             -0.32407              -0.39565              -1.17794 
             -0.31918              -0.37454              -1.22019 
             -0.31666              -0.36778              -1.23798 
             -0.31626              -0.37329              -1.23355 
             -0.31651              -0.38696              -1.21414 
             -0.31541              -0.40396              -1.18964 
             -0.31146              -0.42039              -1.16829 
             -0.30431              -0.43443              -1.15399 
             -0.29464              -0.44630              -1.14569 
             -0.28339              -0.45725              -1.13997 
             -0.27111              -0.46798              -1.13456 
             -0.25791              -0.47749              -1.13085 
             -0.24330              -0.48303              -1.13444 
             -0.22641              -0.48075              -1.15375 
             -0.20691              -0.46698              -1.19617 
             -0.18481              -0.43996              -1.26553 
             -0.16106              -0.40083              -1.35919 
             -0.13714              -0.35366              -1.46850 
             -0.11470              -0.30421              -1.58119 
             -0.09468              -0.25808              -1.68582 
             -0.07805              -0.21914              -1.77372 
             -0.06517              -0.18925              -1.84082 
             -0.05548              -0.16911              -1.88688 
             -0.04859              -0.15767              -1.91483 
             -0.04393              -0.15357              -1.92851 
             -0.04093              -0.15558              -1.93105 
             -0.03924              -0.16302              -1.92404 
             -0.03875              -0.17584              -1.90746 
             -0.03948              -0.19504              -1.87911 
             -0.04161              -0.22274              -1.83436 
             -0.04553              -0.26251              -1.76585 
             -0.05200              -0.32033              -1.66157 
             -0.06256              -0.40787              -1.49908 
             -0.07967              -0.54490              -1.24177 
             -0.10855              -0.76630              -0.82710 
             -0.15900              -1.13189              -0.15284 
             -0.24782              -1.73464               0.93167 
             -0.39580              -2.68461               2.58966 
             -0.60819              -4.01185               4.83610 
             -0.83630              -5.45618               7.20800 
             -0.96160              -6.37317               8.65373 
             -0.89511              -6.22490               8.34051 
             -0.69424              -5.21182               6.62846 
             -0.48633              -3.97891               4.57326 
             -0.33801              -2.96462               2.88383 
             -0.24913              -2.27357               1.72790 
             -0.19946              -1.84961               1.01609 
             -0.17188              -1.60720               0.61174 
             -0.15522              -1.47572               0.40248 
             -0.14461              -1.40512               0.30683 
             -0.13706              -1.36129               0.26872 
             -0.13156              -1.32341               0.25088 
             -0.12805              -1.28186               0.23232 
             -0.12659              -1.23595               0.20618 
             -0.12695              -1.19098               0.17699 
             -0.12860              -1.15446               0.15571 
             -0.13065              -1.13232               0.15240 
             -0.13198              -1.12615               0.16998 
             -0.13102              -1.13170               0.20025 
             -0.12590              -1.13913               0.22371 
             -0.11496              -1.13568               0.21598 
             -0.09787              -1.11115               0.15905 
             -0.07627              -1.06324               0.05238 
             -0.05318              -0.99807              -0.08717 
             -0.03146              -0.92555              -0.23599 
             -0.01277              -0.85380              -0.37627 
              0.00245              -0.78619              -0.50220 
              0.01445              -0.72159              -0.61907 
              0.02354              -0.65645              -0.73802 
              0.02978              -0.58736              -0.86968 
              0.03309              -0.51308              -1.01859 
              0.03363              -0.43541              -1.18080 
              0.03195              -0.35863              -1.34557 
              0.02890              -0.28772              -1.49968 
              0.02518              -0.22616              -1.63331 
              0.02135              -0.17586              -1.74097 
              0.01799              -0.13710              -1.82202 
              0.01515              -0.10849              -1.87987 
              0.01301              -0.08852              -1.91890 
              0.01137              -0.07524              -1.94396 
              0.00992              -0.06702              -1.95814 
              0.00795              -0.06194              -1.96402 
              0.00438              -0.05792              -1.96319 
             -0.00213              -0.05289              -1.95644 
             -0.01306              -0.04500              -1.94368 
             -0.02947              -0.03299              -1.92418 
             -0.05150              -0.01655              -1.89712 
             -0.07884               0.00390              -1.86008 
             -0.11036               0.02728              -1.81116 
             -0.14565               0.05293              -1.74588 
             -0.18529               0.08100              -1.65803 
             -0.23095               0.11260              -1.53886 
             -0.28774               0.15162              -1.37055 
             -0.36276               0.20451              -1.12671 
             -0.46283               0.27928              -0.77679 
             -0.59003               0.38266              -0.29857 
             -0.73342               0.51306               0.29206 
             -0.86088               0.65185               0.90219 
             -0.92458               0.76240               1.35784 
             -0.89161               0.80892               1.49162 
             -0.77641               0.78452               1.27862 
             -0.62910               0.71469               0.85338 
             -0.49334               0.63273               0.38587 
             -0.38662               0.55999              -0.01855 
             -0.30860               0.50471              -0.32379 
             -0.25362               0.46840              -0.52948 
             -0.21645               0.45050              -0.64555 
             -0.19336               0.45023              -0.68199 
             -0.18178               0.46695              -0.64608 
             -0.18017               0.50045              -0.54187 
             -0.18764               0.55123              -0.36838 
             -0.20333               0.62097              -0.11756 
             -0.22527               0.71291               0.22860 
             -0.24940               0.83191               0.70034 
             -0.27009               0.98396               1.33930 
             -0.28287               1.17152               2.17610 
             -0.28978               1.37851               3.15664 
             -0.30119               1.54793               4.03243 
             -0.32218               1.59854               4.42099 
             -0.33621               1.50485               4.15618 
             -0.32391               1.32443               3.44660 
             -0.28756               1.12829               2.60696 
             -0.24290               0.95591               1.84438 
             -0.20286               0.82129               1.25091 
             -0.17312               0.72712               0.85180 
             -0.15416               0.67149               0.64086 
             -0.14382               0.65002               0.59824 
             -0.13847               0.65552               0.69554 
             -0.13349               0.67646               0.89204 
             -0.12404               0.69607               1.12844 
             -0.10637               0.69482               1.32794 
             -0.07972               0.65818               1.41621 
             -0.04795               0.58525               1.35281 
             -0.01803               0.48963               1.14982 
              0.00360               0.39039               0.85622 
              0.01412               0.30195               0.52636 
              0.01485               0.23010               0.20067 
              0.00945               0.17376              -0.09496 
              0.00152               0.12938              -0.34235 
             -0.00676               0.09465              -0.52383 
             -0.01527               0.06908              -0.61619 
             -0.02580               0.05265              -0.59010 
             -0.04111               0.04431              -0.41809 
             -0.06295               0.04155              -0.08803 
             -0.08907               0.04040               0.38112 
             -0.11089               0.03559               0.92929 
             -0.11623               0.02271               1.46333 
             -0.09937               0.00180               1.88166 
             -0.06943              -0.02171               2.08973 
             -0.04360              -0.04158               2.00800 
             -0.03133              -0.05487               1.61672 
             -0.02941              -0.06173               1.00390 
             -0.03025              -0.06332               0.32701 
             -0.02972              -0.06115              -0.27834 
             -0.02764              -0.05695              -0.74893 
             -0.02506              -0.05212              -1.08489 
             -0.02288              -0.04750              -1.31406 
             -0.02152              -0.04350              -1.46700 
             -0.02102              -0.04038              -1.56852 
             -0.02144              -0.03849              -1.63408 
             -0.02290              -0.03804              -1.67396 
             -0.02561              -0.03929              -1.69421 
             -0.02995              -0.04265              -1.69768 
             -0.03630              -0.04864              -1.68559 
             -0.04527              -0.05806              -1.65670 
             -0.05745              -0.07199              -1.60905 
             -0.07350              -0.09174              -1.53945 
             -0.09389              -0.11890              -1.44514 
             -0.11826              -0.15460              -1.32790 
             -0.14507              -0.19879              -1.19586 
             -0.17105              -0.24932              -1.06487 
             -0.19141              -0.30081              -0.95823 
             -0.20116              -0.34513              -0.90106 
             -0.19739              -0.37380              -0.90998 
             -0.18083              -0.38155              -0.98557 
             -0.15573              -0.36887              -1.11032 
             -0.12763              -0.34165              -1.25666 
             -0.10094              -0.30807              -1.39849 
             -0.07774              -0.27502              -1.51907 
             -0.05782              -0.24625              -1.61261 
             -0.03956              -0.22209              -1.68137 
             -0.02118              -0.20138              -1.73045 
             -0.00145              -0.18372              -1.76292 
              0.02034              -0.16808              -1.78316 
              0.04410              -0.15384              -1.79510 
              0.06921              -0.14056              -1.80188 
              0.09542              -0.12788              -1.80434 
              0.12206              -0.11582              -1.80287 
              0.14789              -0.10470              -1.79758 
              0.17132              -0.09482              -1.78885 
              0.19066              -0.08671              -1.77685 
              0.20455              -0.08111              -1.76115 
              0.21251              -0.07910              -1.73977 
              0.21440              -0.08195              -1.70998 
              0.21041              -0.09136              -1.66806 
              0.20002              -0.10990              -1.60939 
              0.18127              -0.14119              -1.53052 
              0.15091              -0.18946              -1.42610 
              0.10640              -0.26051              -1.29036 
              0.04702              -0.35951              -1.11758 
             -0.02721              -0.48766              -0.90395 
             -0.11234              -0.63620              -0.65781 
             -0.20326              -0.78669              -0.39942 
             -0.29699              -0.92034              -0.14934 
             -0.39751              -1.03579               0.09775 
             -0.51456              -1.14923               0.37819 
             -0.65678              -1.27404               0.72404 
             -0.82422              -1.39754               1.12283 
             -1.00045              -1.47458               1.50695 
             -1.16050              -1.44593               1.78989 
             -1.29296              -1.27880               1.92988 
             -1.39942              -0.99998               1.94152 
             -1.46821              -0.68213               1.84489 
             -1.46725              -0.40052               1.63392 
             -1.37096              -0.19562               1.30291 
             -1.18683              -0.06706               0.88425 
             -0.95945               0.00835               0.44824 
             -0.74817               0.05178               0.07021 
             -0.59520               0.07393              -0.19934 
             -0.51256               0.08028              -0.34400 
             -0.49298               0.07933              -0.37232 
             -0.52851               0.08053              -0.30117 
             -0.61554               0.09496              -0.14798 
             -0.75300               0.13227               0.07205 
             -0.93675               0.19801               0.34342 
             -1.15574               0.29299               0.64873 
             -1.38823               0.41386               0.96806 
             -1.60617               0.54964               1.27573 
             -1.79078               0.67860               1.54518 
             -1.94828               0.76898               1.75831 
             -2.10308               0.79162               1.91011 
             -2.26071               0.74451               1.99936 
             -2.38043               0.65609               2.00341 
             -2.39533               0.56204               1.87415 
             -2.26935               0.48026               1.58525 
             -2.02799               0.41297               1.17116 
             -1.73429               0.35785               0.70580 
             -1.44830               0.31267               0.26118 
             -1.20865               0.27334              -0.11794 
             -1.03108               0.23576              -0.41448 
             -0.91547               0.19900              -0.62781 
             -0.85553               0.16356              -0.76443 
             -0.84443               0.13144              -0.83075 
             -0.87416               0.10564              -0.83466 
             -0.92649               0.08762              -0.79458 
             -0.96357               0.07544              -0.75370 
             -0.94511               0.06394              -0.76870 
             -0.87236               0.04869              -0.85802 
             -0.79366               0.02990              -0.97237 
             -0.75487               0.01196              -1.04343 
             -0.77136              -0.00295              -1.03619 
             -0.83860              -0.01587              -0.94725 
             -0.94722              -0.02826              -0.78789 
             -1.08711              -0.04070              -0.57357 
             -1.24557              -0.05397              -0.32117 
             -1.40772              -0.06781              -0.04600 
             -1.56485              -0.08047               0.24646 
             -1.72367              -0.08759               0.56907 
             -1.90598              -0.08329               0.95483 
             -2.13572              -0.06543               1.44167 
             -2.41807              -0.03703               2.03313 
             -2.70576              -0.00364               2.63216 
             -2.86420               0.02358               2.98778 
             -2.74676               0.03096               2.83899 
             -2.38190               0.01599               2.23221 
             -1.96061              -0.00850               1.49630 
             -1.63730              -0.02994               0.91164 
             -1.46514              -0.04519               0.59248 
             -1.44141              -0.05585               0.55317 
             -1.53434              -0.06158               0.74681 
             -1.68109              -0.05465               1.06251 
             -1.80208              -0.02216               1.35060 
             -1.86067               0.03731               1.53043 
             -1.88829               0.10418               1.65120 
             -1.92637               0.15627               1.79636 
             -1.98929               0.18553               2.00145 
             -2.07818               0.19777               2.26894 
             -2.19555               0.20711               2.59886 
             -2.34469               0.22926               2.99818 
             -2.51781               0.27225               3.45976 
             -2.68369               0.32801               3.92196 
             -2.79702               0.37528               4.27949 
             -2.83390               0.39969               4.47136 
             -2.81039               0.40164               4.53243 
             -2.75482               0.38170               4.52001 
             -2.67146               0.33789               4.42307 
             -2.54228               0.27717               4.17655 
             -2.35261               0.21206               3.73908 
             -2.11221               0.14984               3.14327 
             -1.85959               0.09466               2.49118 
             -1.63545               0.05183               1.88868 
             -1.45237               0.02411               1.38303 
             -1.29840               0.00974               0.96820 
             -1.16278               0.00516               0.62793 
             -1.04830               0.00735               0.35810 
             -0.96170               0.01362               0.15799 
             -0.90139               0.02091               0.01564 
             -0.85622               0.02593              -0.09199 
             -0.81391               0.02542              -0.18464 
             -0.76976               0.01710              -0.26709 
             -0.72764               0.00033              -0.32949 
             -0.69599              -0.02444              -0.35374 
             -0.68314              -0.05705              -0.32016 
             -0.69278              -0.10024              -0.21460 
             -0.72131              -0.15875              -0.03867 
             -0.75622              -0.23294               0.17301 
             -0.77720              -0.30991               0.34242 
             -0.76290              -0.36468               0.37432 
             -0.70398              -0.37769               0.22345 
             -0.61016              -0.35257              -0.06749 
             -0.50127              -0.30824              -0.41556 
             -0.39430              -0.26020              -0.76140 
             -0.29947              -0.21390              -1.07936 
             -0.22215              -0.17030              -1.35479 
             -0.16462              -0.13120              -1.57354 
             -0.12535              -0.09836              -1.73195 
             -0.10077              -0.07358              -1.83569 
             -0.08637              -0.05648              -1.89773 
             -0.07823              -0.04509              -1.93222 
             -0.07411              -0.03783              -1.94928 
             -0.07301              -0.03364              -1.95488 
             -0.07442              -0.03152              -1.95284 
             -0.07853              -0.03100              -1.94448 
             -0.08531              -0.03157              -1.93111 
             -0.09418              -0.03265              -1.91473 
             -0.10407              -0.03367              -1.89822 
             -0.11361              -0.03432              -1.88428 
             -0.12116              -0.03437              -1.87538 
             -0.12563              -0.03375              -1.87248 
             -0.12666              -0.03233              -1.87526 
             -0.12453              -0.03009              -1.88258 
             -0.12003              -0.02711              -1.89300 
             -0.11403              -0.02354              -1.90536 
             -0.10733              -0.01947              -1.91899 
             -0.10063              -0.01516              -1.93297 
             -0.09467              -0.01063              -1.94599 
             -0.09008              -0.00584              -1.95653 
             -0.08734              -0.00082              -1.96315 
             -0.08633               0.00426              -1.96527 
             -0.08639               0.00955              -1.96289 
             -0.08672               0.01524              -1.95650 
             -0.08627               0.02162              -1.94686 
             -0.08380               0.02945              -1.93503 
