             -0.00000              -0.00000              -1.60000 
             -0.00000               0.00000              -1.60000 
              0.00000               0.00000              -1.60000 
              0.00000              -0.00000              -1.60000 
              0.00000               0.00000              -1.60000 
             -0.00000               0.00000              -1.60000 
              0.00000              -0.00000              -1.60000 
              0.00000               0.00000              -1.60000 
              0.00000              -0.00000              -1.60000 
              0.00000              -0.00000              -1.60000 
              0.00000               0.00000              -1.60000 
             -0.00000              -0.00000              -1.60000 
              0.00000               0.00000              -1.60000 
              0.00000              -0.00000              -1.60000 
             -0.00000              -0.00000              -1.60000 
              0.00000               0.00000              -1.60000 
              0.00000               0.00000              -1.60000 
              0.00000              -0.00000              -1.60000 
              0.00000               0.00000              -1.60000 
              0.00000              -0.00000              -1.60000 
             -0.00000              -0.00000              -1.60000 
              0.00000               0.00000              -1.60000 
              0.00000              -0.00000              -1.60000 
              0.00000               0.00000              -1.60000 
              0.00001               0.00000              -1.60002 
              0.00004               0.00000              -1.60010 
              0.00008               0.00000              -1.60022 
              0.00016               0.00000              -1.60043 
              0.00025               0.00000              -1.60069 
              0.00036               0.00000              -1.60099 
              0.00048               0.00000              -1.60133 
              0.00060               0.00000              -1.60172 
              0.00074              -0.00002              -1.60220 
              0.00102              -0.00003              -1.60316 
              0.00118              -0.00005              -1.60401 
              0.00135              -0.00007              -1.60506 
              0.00152              -0.00007              -1.60625 
              0.00170              -0.00008              -1.60755 
              0.00190              -0.00009              -1.60898 
              0.00211              -0.00009              -1.61055 
              0.00234              -0.00010              -1.61228 
              0.00259              -0.00010              -1.61419 
              0.00286              -0.00011              -1.61632 
              0.00314              -0.00011              -1.61873 
              0.00339              -0.00012              -1.62152 
              0.00364              -0.00012              -1.62470 
              0.00389              -0.00012              -1.62832 
              0.00415              -0.00013              -1.63240 
              0.00442              -0.00013              -1.63697 
              0.00470              -0.00013              -1.64205 
              0.00501              -0.00013              -1.64765 
              0.00533              -0.00013              -1.65380 
              0.00566              -0.00013              -1.66048 
              0.00600              -0.00013              -1.66771 
              0.00635              -0.00014              -1.67549 
              0.00670              -0.00014              -1.68382 
              0.00706              -0.00014              -1.69273 
              0.00740              -0.00014              -1.70224 
              0.00774              -0.00013              -1.71240 
              0.00805              -0.00013              -1.72325 
              0.00833              -0.00013              -1.73486 
              0.00855              -0.00013              -1.74726 
              0.00868              -0.00012              -1.76047 
              0.00870              -0.00012              -1.77447 
              0.00853              -0.00011              -1.78919 
              0.00810              -0.00011              -1.80446 
              0.00730              -0.00011              -1.82003 
              0.00601              -0.00013              -1.83555 
              0.00410              -0.00017              -1.85055 
              0.00165              -0.00026              -1.86464 
             -0.00189              -0.00031              -1.87667 
             -0.00710              -0.00040              -1.88526 
             -0.01464              -0.00054              -1.88872 
             -0.02539              -0.00075              -1.88481 
             -0.04055              -0.00107              -1.87054 
             -0.06195              -0.00157              -1.84246 
             -0.09187              -0.00233              -1.79517 
             -0.13244              -0.00346              -1.72307 
             -0.18776              -0.00527              -1.61669 
             -0.26673              -0.00810              -1.45537 
             -0.37944              -0.01215              -1.21666 
             -0.53890              -0.01806              -0.87224 
             -0.76062              -0.02674              -0.38962 
             -1.05972              -0.03910               0.26094 
             -1.44487              -0.05549               1.09429 
             -1.90666              -0.07598               2.08585 
             -2.40390              -0.09923               3.14403 
             -2.85970              -0.12224               4.10473 
             -3.18167              -0.14097               4.77527 
             -3.30654              -0.15215               5.02604 
             -3.23845              -0.15512               4.86759 
             -3.04435              -0.15210               4.44038 
             -2.81178              -0.14676               3.92813 
             -2.60938              -0.14240               3.47587 
             -2.47358              -0.14107               3.16120 
             -2.41482              -0.14362               3.00634 
             -2.42828              -0.15003               3.00064 
             -2.50144              -0.15980               3.11694 
             -2.61762              -0.17204               3.31975 
             -2.75762              -0.18563               3.56911 
             -2.90138              -0.19928               3.82427 
             -3.03089              -0.21178               4.04937 
             -3.13376              -0.22217               4.22018 
             -3.20590              -0.23000               4.32890 
             -3.25138              -0.23542               4.38371 
             -3.27930              -0.23909               4.40245 
             -3.29909              -0.24192               4.40366 
             -3.31665              -0.24473               4.39951 
             -3.33304              -0.24809               4.39319 
             -3.34531              -0.25224               4.38074 
             -3.34856              -0.25714               4.35457 
             -3.33760              -0.26247               4.30648 
             -3.30779              -0.26769               4.22899 
             -3.25558              -0.27213               4.11619 
             -3.17941              -0.27524               3.96563 
             -3.08164              -0.27692               3.78193 
             -2.97068              -0.27777               3.58116 
             -2.86229              -0.27935               3.39388 
             -2.77895              -0.28427               3.26494 
             -2.74654              -0.29611               3.24852 
             -2.78810              -0.31890               3.39751 
             -2.91433              -0.35609               3.74584 
             -3.11085              -0.40855               4.28164 
             -3.32725              -0.47200               4.91888 
             -3.48136              -0.53567               5.49304 
             -3.49141              -0.58493               5.81315 
             -3.32481              -0.60860               5.76406 
             -3.02348              -0.60624               5.38501 
             -2.67803              -0.58883               4.84812 
             -2.37698              -0.57272               4.36088 
             -2.17500              -0.57308               4.08342 
             -2.09080              -0.60092               4.10288 
             -2.11755              -0.66272               4.44152 
             -2.22860              -0.75951               5.05980 
             -2.37599              -0.88374               5.84218 
             -2.49191              -1.01582               6.58952 
             -2.50687              -1.12614               7.06244 
             -2.38313              -1.18671               7.08614 
             -2.13673              -1.18630               6.64672 
             -1.82531              -1.13583               5.89095 
             -1.51333              -1.06036               5.03439 
             -1.24435              -0.98579               4.26017 
             -1.03410              -0.93008               3.67057 
             -0.87794              -0.90104               3.29035 
             -0.76113              -0.89785               3.08996 
             -0.66628              -0.91304               3.00654 
             -0.57811              -0.93438               2.95977 
             -0.48657              -0.94743               2.86874 
             -0.38891              -0.93940               2.67261 
             -0.28936              -0.90347               2.34827 
             -0.19554              -0.84011               1.91204 
             -0.11462              -0.75582               1.40666 
             -0.05075              -0.66002               0.88228 
             -0.00478              -0.56182               0.38084 
              0.02531              -0.46816              -0.07036 
              0.04270              -0.38314              -0.45933 
              0.05057              -0.30857              -0.78463 
              0.05173              -0.24477              -1.05053 
              0.04875              -0.19125              -1.26391 
              0.04347              -0.14705              -1.43196 
              0.03712              -0.11119              -1.56172 
              0.03056              -0.08251              -1.65923 
              0.02398              -0.05894              -1.73349 
              0.01775              -0.03987              -1.78777 
              0.01240              -0.02533              -1.82270 
              0.00807              -0.01465              -1.84155 
              0.00475              -0.00713              -1.84764 
              0.00234              -0.00210              -1.84421 
              0.00069               0.00108              -1.83422 
             -0.00052               0.00314              -1.82047 
             -0.00134               0.00443              -1.80498 
             -0.00172               0.00510              -1.78903 
             -0.00184               0.00537              -1.77350 
             -0.00179               0.00540              -1.75889 
             -0.00165               0.00529              -1.74534 
             -0.00146               0.00509              -1.73283 
             -0.00123               0.00486              -1.72125 
             -0.00099               0.00461              -1.71045 
             -0.00072               0.00442              -1.70043 
             -0.00041               0.00431              -1.69114 
             -0.00010               0.00424              -1.68256 
              0.00017               0.00409              -1.67468 
              0.00040               0.00389              -1.66748 
              0.00059               0.00369              -1.66103 
              0.00074               0.00351              -1.65540 
              0.00088               0.00334              -1.65066 
              0.00099               0.00321              -1.64684 
              0.00106               0.00310              -1.64393 
              0.00112               0.00301              -1.64182 
              0.00117               0.00294              -1.64033 
              0.00123               0.00290              -1.63927 
              0.00128               0.00286              -1.63841 
              0.00134               0.00281              -1.63754 
              0.00138               0.00275              -1.63652 
              0.00141               0.00267              -1.63523 
              0.00142               0.00256              -1.63362 
              0.00139               0.00242              -1.63169 
              0.00133               0.00225              -1.62946 
              0.00126               0.00206              -1.62699 
              0.00116               0.00185              -1.62437 
              0.00105               0.00163              -1.62166 
              0.00094               0.00141              -1.61897 
              0.00082               0.00120              -1.61635 
              0.00071               0.00101              -1.61388 
              0.00060               0.00082              -1.61160 
              0.00051               0.00066              -1.60954 
              0.00042               0.00052              -1.60769 
              0.00034               0.00039              -1.60605 
              0.00028               0.00028              -1.60460 
              0.00022               0.00018              -1.60332 
              0.00016               0.00010              -1.60219 
              0.00012               0.00002              -1.60122 
              0.00006              -0.00000              -1.60051 
              0.00003              -0.00001              -1.60020 
              0.00002              -0.00001              -1.60007 
              0.00000              -0.00000              -1.60001 
             -0.00000               0.00000              -1.60000 
              0.00000               0.00000              -1.60000 
             -0.00000               0.00000              -1.60000 
             -0.00000              -0.00000              -1.60000 
             -0.00000              -0.00000              -1.60000 
             -0.00000               0.00000              -1.60000 
              0.00000              -0.00000              -1.60000 
             -0.00000              -0.00000              -1.60000 
              0.00000              -0.00000              -1.60000 
             -0.00000               0.00000              -1.60000 
             -0.00000               0.00000              -1.60000 
             -0.00000               0.00000              -1.60000 
              0.00000              -0.00000              -1.60000 
              0.00000              -0.00000              -1.60000 
             -0.00000              -0.00000              -1.60000 
              0.00000              -0.00000              -1.60000 
              0.00000              -0.00000              -1.60000 
              0.00000              -0.00000              -1.60000 
              0.00000              -0.00000              -1.60000 
              0.00000              -0.00000              -1.60000 
             -0.00000              -0.00000              -1.60000 
             -0.00000               0.00000              -1.60000 
             -0.00000              -0.00000              -1.60000 
              0.00000               0.00000              -1.60000 
             -0.00000              -0.00000              -1.60000 
              0.00000              -0.00000              -1.60000 
             -0.00000              -0.00000              -1.60000 
             -0.00000              -0.00000              -1.60000 
             -0.00000               0.00000              -1.60000 
             -0.00000               0.00000              -1.60000 
              0.00000               0.00000              -1.60000 
             -0.00000              -0.00000              -1.60000 
             -0.00000              -0.00000              -1.60000 
             -0.00000               0.00000              -1.60000 
             -0.00000              -0.00000              -1.60000 
             -0.00000               0.00000              -1.60000 
              0.00000              -0.00000              -1.60000 
             -0.00000               0.00000              -1.60000 
              0.00000              -0.00000              -1.60000 
              0.00000              -0.00000              -1.60000 
             -0.00000               0.00000              -1.60000 
             -0.00000              -0.00000              -1.60000 
             -0.00000               0.00000              -1.60000 
              0.00000               0.00000              -1.60000 
              0.00000              -0.00000              -1.60000 
              0.00000              -0.00000              -1.60000 
              0.00000               0.00000              -1.60000 
             -0.00000              -0.00000              -1.60000 
              0.00000               0.00000              -1.60000 
             -0.00000               0.00000              -1.60000 
             -0.00000               0.00000              -1.60000 
              0.00000               0.00000              -1.60000 
              0.00000              -0.00000              -1.60000 
             -0.00000               0.00000              -1.60000 
             -0.00000               0.00000              -1.60000 
              0.00000               0.00000              -1.60000 
              0.00000              -0.00000              -1.60000 
             -0.00000              -0.00000              -1.60000 
              0.00002               0.00001              -1.60010 
              0.00010               0.00004              -1.60062 
              0.00023               0.00010              -1.60148 
              0.00038               0.00018              -1.60251 
              0.00055               0.00029              -1.60370 
              0.00074               0.00043              -1.60507 
              0.00095               0.00060              -1.60660 
              0.00116               0.00080              -1.60830 
              0.00134               0.00098              -1.61027 
              0.00142               0.00111              -1.61261 
              0.00145               0.00122              -1.61515 
              0.00145               0.00136              -1.61772 
              0.00141               0.00152              -1.62028 
              0.00135               0.00171              -1.62276 
              0.00125               0.00191              -1.62510 
              0.00113               0.00212              -1.62727 
              0.00099               0.00235              -1.62924 
              0.00083               0.00259              -1.63101 
              0.00065               0.00283              -1.63263 
              0.00047               0.00308              -1.63420 
              0.00036               0.00330              -1.63594 
              0.00031               0.00351              -1.63800 
              0.00028               0.00373              -1.64053 
              0.00026               0.00399              -1.64373 
              0.00024               0.00429              -1.64781 
              0.00024               0.00466              -1.65293 
              0.00023               0.00510              -1.70920 
              0.00022               0.00563              -1.71664 
              0.00020               0.00623              -1.72513 
              0.00018               0.00686              -1.73452 
              0.00015               0.00729              -1.74477 
              0.00012               0.00759              -1.75549 
              0.00008               0.00783              -1.76630 
              0.00003               0.00802              -1.77697 
             -0.00001               0.00814              -1.78740 
             -0.00004               0.00819              -1.79759 
             -0.00006               0.00817              -1.80768 
             -0.00005               0.00807              -1.81793 
             -0.00001               0.00787              -1.82867 
              0.00009               0.00757              -1.84034 
              0.00027               0.00716              -1.85328 
              0.00054               0.00652              -1.86766 
              0.00090               0.00546              -1.88339 
              0.00135               0.00377              -1.90003 
              0.00192               0.00113              -1.91676 
              0.00261              -0.00286              -1.93229 
              0.00345              -0.00875              -1.94488 
              0.00461              -0.01711              -1.95257 
              0.00612              -0.02875              -1.95321 
              0.00785              -0.04445              -1.94456 
              0.00969              -0.06494              -1.92446 
              0.01148              -0.09073              -1.89197 
              0.01298              -0.12166              -1.84686 
              0.01382              -0.15699              -1.79051 
              0.01388              -0.19668              -1.72312 
              0.01304              -0.24057              -1.64534 
              0.01107              -0.28787              -1.55909 
              0.00771              -0.33756              -1.46667 
              0.00263              -0.38871              -1.37008 
             -0.00458              -0.44075              -1.27052 
             -0.01448              -0.49337              -1.16834 
             -0.02763              -0.54672              -1.06322 
             -0.04483              -0.60128              -0.95375 
             -0.06736              -0.65794              -0.83710 
             -0.09764              -0.71786              -0.70796 
             -0.13821              -0.78325              -0.55976 
             -0.19265              -0.85724              -0.38359 
             -0.26625              -0.94381              -0.16747 
             -0.36683              -1.04761               0.10389 
             -0.50590              -1.17309               0.44845 
             -0.69947              -1.32321               0.88383 
             -0.96792              -1.49642               1.42331 
             -1.33250              -1.68347               2.06647 
             -1.80600              -1.86477               2.78643 
             -2.37721              -2.01060               3.52004 
             -2.99425              -2.08795               4.16970 
             -3.56212              -2.07482               4.62526 
             -3.97040              -1.96648               4.80946 
             -4.14184              -1.77479               4.71996 
             -4.07058              -1.52911               4.43135 
             -3.81946              -1.26385               4.06375 
             -3.47941              -1.00898               3.73708 
             -3.12658              -0.78451               3.53949 
             -2.80099              -0.59855               3.51919 
             -2.50716              -0.44786               3.69107 
             -2.22554              -0.31898               4.04514 
             -1.92580              -0.18936               4.54963 
             -1.57969              -0.03005               5.14944 
             -1.17347               0.18689               5.76673 
             -0.71893               0.47423               6.30883 
             -0.25754               0.81520               6.68315 
              0.14944               1.16101               6.81560 
              0.44438               1.44820               6.66876 
              0.59812               1.62893               6.25607 
              0.61953               1.69376               5.64497 
              0.54425               1.67147               4.94248 
              0.41269               1.61026               4.26645 
              0.25211               1.55691               3.71740 
              0.06931               1.54571               3.36502 
             -0.14974               1.59737               3.25070 
             -0.43894               1.72033               3.39760 
             -0.85256               1.90824               3.81868 
             -1.46581               2.13137               4.51731 
             -2.36852               2.32775               5.48086 
             -3.63887               2.40862               6.67014 
             -5.28315               2.29268               8.00456 
             -7.15131               1.95993               9.33964 
             -8.89599               1.48536              10.45242 
            -10.07970               1.01363              11.08630 
            -10.42859               0.68618              11.08269 
            -10.01664               0.57661              10.50417 
             -9.18008               0.67805               9.61132 
             -8.27088               0.93697               8.70866 
             -7.49674               1.29498               8.00645 
             -6.91709               1.70547               7.58101 
             -6.50343               2.12555               7.39776 
             -6.18950               2.50002               7.34585 
             -5.89887               2.75802               7.27295 
             -5.56458               2.83436               7.03252 
             -5.14894               2.70497               6.54021 
             -4.65547               2.40590               5.80751 
             -4.12394               2.01530               4.92714 
             -3.61033               1.61394               4.02273 
             -3.16536               1.25649               3.20003 
             -2.82054               0.96569               2.52523 
             -2.58725               0.74123               2.02673 
             -2.46463               0.57163               1.70638 
             -2.44577               0.44221               1.55276 
             -2.52122               0.33991               1.54820 
             -2.67704               0.25553               1.66925 
             -2.88934               0.18388               1.88199 
             -3.11871               0.12332               2.13571 
             -3.30975               0.07459               2.36203 
             -3.40145               0.03884               2.48498 
             -3.34694               0.01599               2.44139 
             -3.13363               0.00386               2.20453 
             -2.79040              -0.00070               1.79606 
             -2.37440              -0.00181               1.27589 
             -1.94705              -0.00213               0.71747 
             -1.55418              -0.00277               0.18403 
             -1.21957              -0.00367              -0.28505 
             -0.94844              -0.00448              -0.67459 
             -0.73510              -0.00507              -0.98629 
             -0.56953              -0.00558              -1.22990 
             -0.44130              -0.00607              -1.41823 
             -0.34162              -0.00663              -1.56302 
             -0.26367              -0.00730              -1.67409 
             -0.20244              -0.00805              -1.75892 
             -0.15402              -0.00870              -1.82344 
             -0.11476              -0.00891              -1.87362 
             -0.08341              -0.00875              -1.91106 
             -0.05903              -0.00832              -1.93682 
             -0.04063              -0.00774              -1.95217 
             -0.02708              -0.00698              -1.95932 
             -0.01739              -0.00613              -1.96003 
             -0.01062              -0.00531              -1.95568 
             -0.00600              -0.00457              -1.94816 
             -0.00293              -0.00392              -1.93919 
             -0.00090              -0.00337              -1.93011 
              0.00044              -0.00290              -1.92173 
              0.00132              -0.00251              -1.91438 
              0.00193              -0.00216              -1.90798 
              0.00238              -0.00183              -1.90218 
              0.00276              -0.00150              -1.89647 
              0.00311              -0.00113              -1.89036 
              0.00345              -0.00073              -1.88343 
              0.00377              -0.00029              -1.87536 
              0.00405               0.00018              -1.86595 
              0.00426               0.00064              -1.85516 
              0.00437               0.00109              -1.84309 
              0.00438               0.00149              -1.82999 
              0.00431               0.00181              -1.81626 
              0.00417               0.00202              -1.80237 
              0.00399               0.00214              -1.78876 
              0.00379               0.00218              -1.77581 
              0.00359               0.00217              -1.76376 
              0.00318               0.00217              -1.75299 
              0.00274               0.00216              -1.74320 
              0.00236               0.00212              -1.73419 
              0.00205               0.00206              -1.72578 
              0.00180               0.00201              -1.71788 
              0.00155               0.00204              -1.71049 
              0.00133               0.00209              -1.70350 
              0.00118               0.00209              -1.69680 
              0.00107               0.00204              -1.69040 
              0.00099               0.00196              -1.68432 
              0.00092               0.00186              -1.67860 
              0.00086               0.00173              -1.67331 
              0.00081               0.00159              -1.66852 
              0.00077               0.00144              -1.66428 
              0.00074               0.00129              -1.66060 
              0.00071               0.00114              -1.65750 
              0.00058               0.00091              -1.65523 
              0.00039               0.00064              -1.65364 
              0.00024               0.00041              -1.65234 
              0.00012               0.00022              -1.65127 
              0.00004               0.00008              -1.65044 
              0.00000               0.00001              -1.65003 
              0.00000              -0.00000              -1.65000 
              0.00000               0.00000              -1.65000 
             -0.00000              -0.00000              -1.65000 
              0.00000               0.00000              -1.65000 
              0.00000               0.00000              -1.65000 
              0.00000              -0.00000              -1.65000 
             -0.00000               0.00000              -1.65000 
             -0.00000              -0.00000              -1.65000 
              0.00000               0.00000              -1.65000 
              0.00000              -0.00000              -1.65000 
             -0.00000               0.00000              -1.65000 
             -0.00000              -0.00000              -1.65000 
              0.00000              -0.00000              -1.65000 
              0.00000              -0.00000              -1.65000 
             -0.00000              -0.00000              -1.65000 
             -0.00000              -0.00000              -1.65000 
             -0.00000               0.00000              -1.65000 
             -0.00000               0.00000              -1.65000 
             -0.00000              -0.00000              -1.65000 
              0.00000              -0.00000              -1.65000 
             -0.00000              -0.00000              -1.65000 
             -0.00000              -0.00000              -1.65000 
              0.00000              -0.00000              -1.65000 
             -0.00000               0.00000              -1.65000 
              0.00000               0.00000              -1.65000 
              0.00000               0.00000              -1.65000 
              0.00000               0.00000              -1.65000 
             -0.00000              -0.00000              -1.65000 
              0.00000              -0.00000              -1.65000 
              0.00000              -0.00000              -1.65000 
              0.00000               0.00000              -1.65000 
              0.00000              -0.00000              -1.65000 
              0.00000              -0.00000              -1.65000 
              0.00000               0.00000              -1.65000 
              0.00000              -0.00000              -1.65000 
             -0.00000               0.00000              -1.65000 
              0.00000              -0.00000              -1.65000 
             -0.00000               0.00000              -1.65000 
             -0.00000               0.00000              -1.65000 
             -0.00000              -0.00000              -1.65000 
             -0.00000              -0.00000              -1.65000 
             -0.00000              -0.00000              -1.65000 
              0.00000              -0.00000              -1.65000 
              0.00000               0.00000              -1.65000 
              0.00000               0.00000              -1.65000 
              0.00000              -0.00000              -1.65000 
             -0.00000              -0.00000              -1.65000 
              0.00000               0.00000              -1.65000 
             -0.00000              -0.00000              -1.65000 
             -0.00000              -0.00000              -1.65000 
              0.00000              -0.00000              -1.65000 
              0.00000               0.00000              -1.65000 
              0.00000               0.00000              -1.65000 
              0.00000               0.00000              -1.65000 
              0.00000               0.00000              -1.65000 
              0.00000               0.00000              -1.65000 
             -0.00000              -0.00000              -1.65000 
             -0.00000               0.00000              -1.65000 
             -0.00000               0.00000              -1.65000 
              0.00000              -0.00000              -1.65000 
             -0.00000              -0.00000              -1.65000 
              0.00000               0.00000              -1.65000 
             -0.00000              -0.00000              -1.65000 
             -0.00000              -0.00000              -1.65000 
             -0.00000              -0.00000              -1.65000 
             -0.00000               0.00000              -1.65000 
             -0.00000              -0.00000              -1.65000 
             -0.00000              -0.00000              -1.65000 
              0.00000              -0.00000              -1.65000 
             -0.00000              -0.00000              -1.65000 
             -0.00000              -0.00000              -1.65000 
              0.00000               0.00000              -1.65000 
              0.00000               0.00000              -1.65000 
             -0.00000               0.00000              -1.65000 
             -0.00000               0.00000              -1.65000 
              0.00000              -0.00000              -1.65000 
             -0.00000              -0.00000              -1.65000 
             -0.00000               0.00000              -1.65000 
             -0.00000               0.00000              -1.65000 
              0.00000               0.00000              -1.65000 
             -0.00000               0.00000              -1.65000 
             -0.00000               0.00000              -1.65002 
             -0.00001               0.00001              -1.65008 
             -0.00002               0.00001              -1.65016 
             -0.00003               0.00002              -1.65028 
             -0.00004               0.00003              -1.65043 
             -0.00007               0.00005              -1.65063 
             -0.00010               0.00007              -1.65095 
             -0.00015               0.00010              -1.65144 
             -0.00022               0.00015              -1.65209 
             -0.00031               0.00021              -1.65294 
             -0.00043               0.00028              -1.65401 
             -0.00058               0.00037              -1.65531 
             -0.00075               0.00047              -1.65682 
             -0.00094               0.00059              -1.65853 
             -0.00115               0.00071              -1.66040 
             -0.00137               0.00084              -1.66244 
             -0.00156               0.00093              -1.66471 
             -0.00175               0.00102              -1.66713 
             -0.00189               0.00108              -1.66976 
             -0.00200               0.00112              -1.67258 
             -0.00208               0.00115              -1.67554 
             -0.00216               0.00119              -1.67861 
             -0.00222               0.00125              -1.68180 
             -0.00227               0.00133              -1.68513 
             -0.00229               0.00143              -1.68861 
             -0.00231               0.00155              -1.69223 
             -0.00230               0.00170              -1.69601 
             -0.00228               0.00186              -1.69992 
             -0.00225               0.00204              -1.70389 
             -0.00221               0.00220              -1.70781 
             -0.00218               0.00235              -1.71158 
             -0.00215               0.00248              -1.71512 
             -0.00211               0.00259              -1.71830 
             -0.00207               0.00267              -1.72107 
             -0.00200               0.00272              -1.72340 
             -0.00193               0.00275              -1.72534 
             -0.00186               0.00275              -1.72700 
             -0.00180               0.00273              -1.72854 
             -0.00176               0.00268              -1.73014 
             -0.00174               0.00262              -1.73205 
             -0.00176               0.00255              -1.73452 
             -0.00182               0.00250              -1.73785 
             -0.00193               0.00249              -1.74233 
             -0.00208               0.00250              -1.74821 
             -0.00228               0.00252              -1.75583 
             -0.00247               0.00252              -1.76550 
             -0.00261               0.00248              -1.77753 
             -0.00263               0.00241              -1.79207 
             -0.00258               0.00225              -1.80912 
             -0.00242               0.00196              -1.82862 
             -0.00208               0.00148              -1.85032 
             -0.00141               0.00071              -1.87360 
             -0.00022              -0.00049              -1.89728 
              0.00179              -0.00233              -1.91926 
              0.00509              -0.00510              -1.93608 
              0.01040              -0.00915              -1.94248 
              0.01875              -0.01495              -1.93079 
              0.03159              -0.02294              -1.89082 
              0.05033              -0.03295              -1.81115 
              0.07721              -0.04505              -1.67658 
              0.11415              -0.05866              -1.47076 
              0.16365              -0.07230              -1.17260 
              0.22249              -0.07822              -0.76353 
              0.27579              -0.05766              -0.23469 
              0.29666               0.01816               0.40530 
              0.24941               0.18417               1.13174 
              0.10258               0.46902               1.91174 
             -0.15286               0.87728               2.70961 
             -0.49193               1.37726               3.48368 
             -0.86204               1.90677               4.18441 
             -1.20443               2.39700               4.76480 
             -1.47505               2.79662               5.19360 
             -1.64874               3.07595               5.45120 
             -1.71786               3.22324               5.52695 
             -1.69671               3.25171               5.44180 
             -1.62022               3.20584               5.26941 
             -1.52866               3.14806               5.11657 
             -1.44856               3.13183               5.07241 
             -1.38491               3.18210               5.16588 
             -1.32729               3.29516               5.36673 
             -1.26431               3.45737               5.62899 
             -1.19488               3.66916               5.94431 
             -1.12626               3.95407               6.35899 
             -1.06197               4.34113               6.92696 
             -0.99004               4.82243               7.61727 
             -0.88343               5.30483               8.22700 
             -0.71995               5.60818               8.40910 
             -0.51191               5.58038               7.92515 
             -0.30520               5.24645               6.90350 
             -0.14014               4.77138               5.70227 
             -0.02970               4.29690               4.58814 
              0.02909               3.87068               3.64123 
              0.03858               3.47643               2.84113 
             -0.00325               3.08152               2.15559 
             -0.10255               2.66493               1.58005 
             -0.26470               2.22392               1.13545 
             -0.48790               1.76756               0.84741 
             -0.75948               1.30564               0.73108 
             -1.05169               0.83739               0.78688 
             -1.32150               0.32507               1.01622 
             -1.51797              -0.28671               1.41625 
             -1.59756              -1.05515               1.98317 
             -1.54250              -1.98727               2.68540 
             -1.37262              -2.97025               3.40858 
             -1.13708              -3.75230               3.93082 
             -0.88743              -4.06648               4.02206 
             -0.65388              -3.83869               3.62687 
             -0.44634              -3.24353               2.91719 
             -0.26857              -2.54421               2.15149 
             -0.12300              -1.92661               1.52457 
             -0.00678              -1.46229               1.13174 
              0.08981              -1.15278               1.00663 
              0.18084              -0.97818               1.15967 
              0.27990              -0.92523               1.58964 
              0.39447              -0.99664               2.27163 
              0.51960              -1.20378               3.13701 
              0.63485              -1.54224               4.06432 
              0.71013              -1.96094               4.89529 
              0.72089              -2.35430               5.47515 
              0.66310              -2.60529               5.70513 
              0.55606              -2.65874               5.58401 
              0.43062              -2.55963               5.21357 
              0.31323              -2.41862               4.75849 
              0.21712              -2.34055               4.37932 
              0.14385              -2.37800               4.17780 
              0.08992              -2.53177               4.18312 
              0.05241              -2.77642               4.37406 
              0.03183              -3.07928               4.70789 
              0.03300              -3.39551               5.13026 
              0.06377              -3.64750               5.56620 
              0.13192              -3.72087               5.91962 
              0.24091              -3.50668               6.10352 
              0.38492              -2.97193               6.08060 
              0.54387              -2.19292               5.86605 
              0.68347              -1.31862               5.48728 
              0.76689              -0.50977               4.95128 
              0.77224               0.10848               4.25377 
              0.70278               0.48182               3.41367 
              0.58281               0.63492               2.49181 
              0.44437               0.63846               1.57296 
              0.31436               0.56437               0.73185 
              0.20818               0.46276               0.01335 
              0.13015               0.36154              -0.56771 
              0.07795               0.27490              -1.01949 
              0.04617               0.20869              -1.36103 
              0.02621               0.15883              -1.61332 
              0.01362               0.12259              -1.79281 
              0.00591               0.09574              -1.91533 
              0.00138               0.07640              -1.99364 
             -0.00124               0.06188              -2.04080 
             -0.00264               0.05100              -2.06601 
             -0.00328               0.04243              -2.07668 
             -0.00343               0.03526              -2.07808 
             -0.00324               0.02894              -2.07370 
             -0.00283               0.02319              -2.06568 
             -0.00229               0.01793              -2.05526 
             -0.00167               0.01316              -2.04309 
             -0.00102               0.00894              -2.02960 
             -0.00039               0.00534              -2.01526 
              0.00020               0.00234              -2.00017 
              0.00074              -0.00005              -1.98451 
              0.00120              -0.00188              -1.96874 
              0.00160              -0.00323              -1.95342 
              0.00192              -0.00418              -1.93924 
              0.00218              -0.00481              -1.92686 
              0.00239              -0.00520              -1.91684 
              0.00255              -0.00542              -1.90965 
              0.00267              -0.00550              -1.90557 
              0.00276              -0.00550              -1.90470 
              0.00281              -0.00541              -1.90687 
              0.00281              -0.00525              -1.91173 
              0.00276              -0.00499              -1.91878 
              0.00266              -0.00460              -1.92736 
              0.00250              -0.00406              -1.93673 
              0.00229              -0.00336              -1.94612 
              0.00204              -0.00250              -1.95490 
              0.00179              -0.00155              -1.96257 
              0.00154              -0.00060              -1.96883 
              0.00133               0.00023              -1.97359 
              0.00116               0.00085              -1.97687 
              0.00105               0.00119              -1.97876 
              0.00099               0.00120              -1.97937 
              0.00100               0.00091              -1.97878 
              0.00108               0.00037              -1.97703 
              0.00124              -0.00032              -1.97414 
              0.00148              -0.00107              -1.97012 
              0.00179              -0.00177              -1.96502 
              0.00215              -0.00231              -1.95893 
              0.00253              -0.00264              -1.95203 
              0.00291              -0.00271              -1.94450 
              0.00326              -0.00251              -1.93651 
              0.00357              -0.00208              -1.92824 
              0.00383              -0.00144              -1.91985 
              0.00401              -0.00066              -1.91154 
              0.00413               0.00021              -1.90357 
              0.00417               0.00112              -1.89625 
              0.00415               0.00200              -1.88993 
              0.00407               0.00282              -1.88493 
              0.00395               0.00354              -1.88154 
              0.00381               0.00415              -1.87991 
              0.00366               0.00465              -1.88003 
              0.00350               0.00504              -1.88165 
              0.00334               0.00532              -1.88440 
              0.00318               0.00552              -1.88779 
              0.00303               0.00563              -1.89139 
              0.00289               0.00567              -1.89485 
              0.00276               0.00565              -1.89795 
              0.00265               0.00560              -1.90062 
              0.00255               0.00552              -1.90289 
              0.00247               0.00543              -1.90487 
              0.00241               0.00532              -1.90667 
              0.00236               0.00521              -1.90837 
              0.00232               0.00510              -1.91002 
              0.00230               0.00498              -1.91163 
              0.00228               0.00487              -1.91316 
              0.00227               0.00476              -1.91460 
              0.00226               0.00465              -1.91590 
              0.00227               0.00456              -1.91705 
              0.00228               0.00448              -1.91806 
              0.00231               0.00443              -1.91897 
              0.00234               0.00439              -1.91986 
              0.00239               0.00438              -1.92079 
              0.00245               0.00437              -1.92186 
              0.00251               0.00437              -1.92315 
              0.00257               0.00437              -1.92475 
              0.00262               0.00435              -1.92672 
              0.00265               0.00430              -1.92915 
              0.00265               0.00422              -1.93207 
              0.00262               0.00409              -1.93551 
              0.00256               0.00391              -1.93943 
              0.00246               0.00364              -1.94371 
              0.00232               0.00328              -1.94815 
              0.00216               0.00284              -1.95249 
              0.00200               0.00231              -1.95645 
              0.00185               0.00173              -1.95972 
              0.00175               0.00115              -1.96211 
              0.00170               0.00061              -1.96345 
              0.00170               0.00018              -1.96368 
              0.00175              -0.00012              -1.96286 
              0.00185              -0.00029              -1.96112 
              0.00197              -0.00037              -1.95870 
              0.00209              -0.00044              -1.95596 
              0.00220              -0.00059              -1.95342 
              0.00231              -0.00095              -1.95156 
              0.00245              -0.00167              -1.95081 
              0.00265              -0.00292              -1.95126 
              0.00299              -0.00490              -1.95250 
              0.00355              -0.00780              -1.95366 
              0.00446              -0.01176              -1.95358 
              0.00574              -0.01687              -1.95106 
              0.00742              -0.02311              -1.94522 
              0.00948              -0.03024              -1.93580 
              0.01189              -0.03798              -1.92309 
              0.01455              -0.04588              -1.90784 
              0.01728              -0.05338              -1.89116 
              0.01987              -0.05991              -1.87445 
              0.02208              -0.06492              -1.85931 
              0.02374              -0.06799              -1.84704 
              0.02476              -0.06913              -1.83819 
              0.02514              -0.06848              -1.83302 
              0.02497              -0.06640              -1.83127 
              0.02441              -0.06349              -1.83214 
              0.02372              -0.06051              -1.83432 
              0.02320              -0.05828              -1.83613 
              0.02315              -0.05756              -1.83585 
              0.02384              -0.05902              -1.83178 
              0.02549              -0.06321              -1.82234 
              0.02834              -0.07084              -1.80559 
              0.03261              -0.08252              -1.77953 
              0.03852              -0.09890              -1.74244 
              0.04650              -0.12108              -1.69092 
              0.05698              -0.15027              -1.62184 
              0.07040              -0.18769              -1.53257 
              0.08702              -0.23433              -1.42187 
              0.10682              -0.29051              -1.29063 
              0.12936              -0.35545              -1.14264 
              0.15351              -0.42673              -0.98561 
              0.17734              -0.49986              -0.83145 
              0.19833              -0.56881              -0.69427 
              0.21405              -0.62768              -0.58612 
              0.22306              -0.67302              -0.51191 
              0.22553              -0.70569              -0.46621 
              0.22322              -0.73121              -0.43346 
              0.21878              -0.75869              -0.39102 
              0.21450              -0.79942              -0.31109 
              0.21242              -0.86696              -0.16214 
              0.20977              -0.97425               0.09548 
              0.19597              -1.13106               0.50637 
              0.14918              -1.33757               1.11008 
              0.03041              -1.57322               1.93005 
             -0.21301              -1.78974               2.95660 
             -0.63040              -1.91500               4.12769 
             -1.23526              -1.87447               5.30857 
             -1.97797              -1.62561               6.30185 
             -2.75976              -1.18607               6.93399 
             -3.48064              -0.63728               7.16827 
             -4.05075              -0.10256               7.09617 
             -4.38475               0.30549               6.81677 
             -4.46379               0.54764               6.40971 
             -4.37426               0.66350               5.98701 
             -4.24481               0.72012               5.67308 
             -4.17775               0.76921               5.55669 
             -4.23114               0.83563               5.67388 
             -4.39606               0.91633               5.97002 
             -4.55224               0.97881               6.23537 
             -4.51170               0.98070               6.17198 
             -4.17727               0.90710               5.62699 
             -3.62424               0.77958               4.71392 
             -3.00941               0.63309               3.67912 
             -2.45758               0.49524               2.72845 
             -2.02560               0.38040               1.96522 
             -1.72218               0.29315               1.41396 
             -1.53772               0.23336               1.06467 
             -1.46233               0.19913               0.90147 
             -1.49192               0.18809               0.91251 
             -1.62762               0.19751               1.08772 
             -1.86961               0.22319               1.40906 
             -2.20397               0.25648               1.83491 
             -2.58475               0.28203               2.28392 
             -2.92320               0.28116               2.63186 
             -3.10651               0.24273               2.74338 
             -3.05399               0.17397               2.53908 
             -2.77290               0.09811               2.05079 
             -2.35216               0.03886               1.40120 
             -1.89858               0.00700               0.72766 
             -1.48495              -0.00059               0.12661 
             -1.14220               0.00927              -0.36003 
             -0.87243               0.03251              -0.72634 
             -0.66461               0.06678              -0.98437 
             -0.50424               0.11149              -1.15121 
             -0.37736               0.16846              -1.24119 
             -0.27291               0.23978              -1.26404 
             -0.18338               0.32699              -1.22607 
             -0.10430               0.43057              -1.13228 
             -0.03418               0.54957              -0.98733 
              0.02693               0.68169              -0.79803 
              0.07715               0.82329              -0.57168 
              0.11412               0.97081              -0.31510 
              0.13722               1.12311              -0.03483 
              0.14739               1.28229               0.26400 
              0.14648               1.45163               0.57388 
              0.13710               1.62939               0.87529 
              0.12136               1.80274               1.13291 
              0.10147               1.95371               1.31314 
              0.07981               2.07814               1.41772 
              0.05848               2.20293               1.50423 
              0.03821               2.38681               1.67240 
              0.01801               2.69851               2.01695 
             -0.00215               3.16882               2.55512 
             -0.01985               3.72598               3.16001 
             -0.02894               4.17189               3.57903 
             -0.01979               4.27062               3.58752 
              0.01035               3.90742               3.15963 
              0.04939               3.16909               2.48742 
              0.07494               2.26650               1.83176 
              0.06156               1.37229               1.37309 
             -0.01209               0.52433               1.19742 
             -0.15699              -0.36131               1.36242 
             -0.36691              -1.43764               1.95196 
             -0.61539              -2.83816               3.05441 
             -0.86678              -4.52056               4.62266 
             -1.10815              -6.14034               6.31117 
             -1.36812              -7.14420               7.54429 
             -1.68278              -7.06209               7.80258 
             -2.03490              -5.88469               6.97602 
             -2.33086              -4.17469               5.49663 
             -2.47212              -2.59804               3.96071 
             -2.44490              -1.47769               2.71528 
             -2.31164              -0.79721               1.82295 
             -2.14429              -0.41633               1.21803 
             -1.98274              -0.20945               0.80981 
             -1.83123              -0.09739               0.51665 
             -1.67776              -0.03628               0.27397 
             -1.51023              -0.00179               0.03831 
             -1.32463               0.01855              -0.21216 
             -1.12692               0.03023              -0.47907 
             -0.92982               0.03688              -0.75014 
             -0.74703               0.03990              -1.00844 
             -0.58819               0.03981              -1.23990 
             -0.45739               0.03702              -1.43594 
             -0.35392               0.03247              -1.59440 
             -0.27460               0.02674              -1.71781 
             -0.21534               0.02069              -1.81041 
             -0.17181               0.01512              -1.87721 
             -0.14005               0.01039              -1.92370 
             -0.11723               0.00657              -1.95443 
             -0.10132               0.00356              -1.97301 
             -0.09052               0.00120              -1.98260 
             -0.08332              -0.00072              -1.98595 
             -0.07825              -0.00233              -1.98552 
             -0.07418              -0.00370              -1.98296 
             -0.07017              -0.00496              -1.97938 
             -0.06559              -0.00624              -1.97557 
             -0.06007              -0.00768              -1.97211 
             -0.05362              -0.00929              -1.96919 
             -0.04639              -0.01100              -1.96687 
             -0.03872              -0.01266              -1.96518 
             -0.03102              -0.01412              -1.96411 
             -0.02370              -0.01515              -1.96353 
             -0.01708              -0.01556              -1.96318 
             -0.01152              -0.01520              -1.96264 
             -0.00716              -0.01409              -1.96158 
             -0.00396              -0.01231              -1.95971 
             -0.00178              -0.01006              -1.95672 
             -0.00040              -0.00760              -1.95239 
              0.00041              -0.00519              -1.94659 
              0.00085              -0.00303              -1.93926 
              0.00109              -0.00125              -1.93044 
              0.00124               0.00011              -1.92028 
              0.00136               0.00104              -1.90892 
              0.00147               0.00160              -1.89660 
              0.00157               0.00188              -1.88358 
              0.00166               0.00192              -1.87019 
              0.00176               0.00184              -1.85680 
              0.00184               0.00165              -1.84384 
              0.00192               0.00141              -1.83182 
              0.00200               0.00115              -1.82135 
              0.00206               0.00087              -1.81314 
              0.00211               0.00059              -1.80796 
              0.00213               0.00030              -1.80654 
              0.00210               0.00000              -1.80947 
              0.00207              -0.00026              -1.81676 
              0.00201              -0.00048              -1.82790 
              0.00192              -0.00062              -1.84189 
              0.00177              -0.00065              -1.85739 
              0.00146              -0.00052              -1.87285 
              0.00090              -0.00020              -1.88695 
              0.00006               0.00034              -1.89869 
             -0.00110               0.00113              -1.90747 
             -0.00254               0.00212              -1.91306 
             -0.00421               0.00325              -1.91553 
             -0.00596               0.00440              -1.91521 
             -0.00764               0.00545              -1.91258 
             -0.00908               0.00627              -1.90819 
             -0.01012               0.00674              -1.90264 
             -0.01069               0.00680              -1.89655 
             -0.01082               0.00652              -1.89011 
             -0.01056               0.00597              -1.88355 
             -0.01004               0.00525              -1.87703 
             -0.00944               0.00446              -1.87060 
             -0.00892               0.00369              -1.86445 
             -0.00861               0.00301              -1.85880 
             -0.00860               0.00248              -1.85389 
             -0.00890               0.00217              -1.84992 
             -0.00959               0.00219              -1.84669 
             -0.01062               0.00262              -1.84386 
             -0.01193               0.00364              -1.84082 
