              0.00000               0.00000              -1.50000 
              0.00000              -0.00000              -1.50000 
             -0.00000               0.00000              -1.50000 
              0.00000              -0.00000              -1.50000 
              0.00000              -0.00000              -1.50000 
              0.00000              -0.00000              -1.50000 
             -0.00000               0.00000              -1.50000 
             -0.00000               0.00000              -1.50000 
              0.00000               0.00000              -1.50000 
              0.00000              -0.00000              -1.50000 
              0.00000              -0.00000              -1.50000 
              0.00000              -0.00000              -1.50000 
              0.00000              -0.00000              -1.50000 
             -0.00000               0.00000              -1.50000 
              0.00000              -0.00000              -1.50000 
             -0.00000               0.00000              -1.50000 
             -0.00000              -0.00000              -1.50000 
              0.00000               0.00000              -1.50000 
             -0.00000              -0.00000              -1.50000 
             -0.00000               0.00000              -1.50000 
              0.00000              -0.00000              -1.50000 
              0.00000               0.00000              -1.50000 
              0.00000              -0.00000              -1.50000 
              0.00000              -0.00000              -1.50000 
              0.00000              -0.00000              -1.50001 
              0.00003              -0.00000              -1.50007 
              0.00007              -0.00000              -1.50018 
              0.00013              -0.00000              -1.50035 
              0.00020              -0.00000              -1.50054 
              0.00028              -0.00001              -1.50077 
              0.00036              -0.00001              -1.50102 
              0.00046              -0.00002              -1.50131 
              0.00056              -0.00002              -1.50167 
              0.00076              -0.00001              -1.50244 
              0.00089               0.00001              -1.50308 
              0.00102               0.00002              -1.50388 
              0.00115               0.00003              -1.50482 
              0.00130               0.00003              -1.50585 
              0.00145               0.00004              -1.50699 
              0.00162               0.00005              -1.50823 
              0.00180               0.00006              -1.50958 
              0.00199               0.00006              -1.51104 
              0.00218               0.00007              -1.51264 
              0.00238               0.00008              -1.51436 
              0.00258               0.00009              -1.51626 
              0.00274               0.00010              -1.51836 
              0.00290               0.00011              -1.52065 
              0.00306               0.00011              -1.52313 
              0.00323               0.00012              -1.52581 
              0.00341               0.00012              -1.52873 
              0.00360               0.00013              -1.53190 
              0.00380               0.00013              -1.53536 
              0.00400               0.00013              -1.53913 
              0.00422               0.00013              -1.54325 
              0.00444               0.00013              -1.54776 
              0.00467               0.00013              -1.55267 
              0.00491               0.00012              -1.55801 
              0.00516               0.00012              -1.56382 
              0.00540               0.00011              -1.57011 
              0.00565               0.00011              -1.57689 
              0.00589               0.00010              -1.58418 
              0.00611               0.00009              -1.59198 
              0.00630               0.00009              -1.60029 
              0.00645               0.00008              -1.60911 
              0.00655               0.00007              -1.61841 
              0.00655               0.00007              -1.62818 
              0.00644               0.00006              -1.63836 
              0.00616               0.00006              -1.64887 
              0.00565               0.00006              -1.65960 
              0.00482               0.00006              -1.67037 
              0.00364               0.00008              -1.68100 
              0.00215               0.00014              -1.69127 
              0.00001               0.00017              -1.70050 
             -0.00318               0.00022              -1.70777 
             -0.00786               0.00029              -1.71196 
             -0.01461               0.00040              -1.71147 
             -0.02426               0.00058              -1.70417 
             -0.03795               0.00085              -1.68723 
             -0.05733               0.00126              -1.65735 
             -0.08415               0.00191              -1.60975 
             -0.12020               0.00291              -1.53997 
             -0.17119               0.00446              -1.43413 
             -0.24397               0.00679              -1.27624 
             -0.34716               0.01018              -1.04664 
             -0.49169               0.01509              -0.72116 
             -0.68989               0.02220              -0.27355 
             -0.95288               0.03197               0.31848 
             -1.28544               0.04459               1.06273 
             -1.67672               0.05983               1.93205 
             -2.09130               0.07643               2.84617 
             -2.46775               0.09205               3.67046 
             -2.73381               0.10389               4.24930 
             -2.83746               0.10990               4.47197 
             -2.77479               0.10979               4.33100 
             -2.59188               0.10517               3.92559 
             -2.35839               0.09858               3.40614 
             -2.13639               0.09239               2.90798 
             -1.96490               0.08824               2.51751 
             -1.86122               0.08704               2.27390 
             -1.82917               0.08931               2.18601 
             -1.86612               0.09537               2.24780 
             -1.96628               0.10548               2.44561 
             -2.12049               0.11975               2.75841 
             -2.31433               0.13791               3.15420 
             -2.52648               0.15905               3.58699 
             -2.72952               0.18144               3.99877 
             -2.89455               0.20266               4.32912 
             -2.99851               0.22018               4.53026 
             -3.03114               0.23219               4.58108 
             -2.99778               0.23832               4.49275 
             -2.91653               0.23963               4.30282 
             -2.81148               0.23814               4.06138 
             -2.70578               0.23598               3.81670 
             -2.61734               0.23492               3.60633 
             -2.55761               0.23615               3.45425 
             -2.53194               0.24033               3.37161 
             -2.54012               0.24764               3.35807 
             -2.57658               0.25776               3.40244 
             -2.63045               0.26981               3.48327 
             -2.68628               0.28241               3.57068 
             -2.72653               0.29386               3.63144 
             -2.73607               0.30265               3.63766 
             -2.70759               0.30804               3.57700 
             -2.64539               0.31062               3.45994 
             -2.56575               0.31250               3.32070 
             -2.49325               0.31721               3.21118 
             -2.45412               0.32913               3.18918 
             -2.46815               0.35259               3.30347 
             -2.54020               0.39058               3.57615 
             -2.65240               0.44283               3.98323 
             -2.76158               0.50399               4.44138 
             -2.80888               0.56313               4.81707 
             -2.74408               0.60676               4.97152 
             -2.55402               0.62493               4.82963 
             -2.27265               0.61688               4.42537 
             -1.96185               0.59140               3.88248 
             -1.67991               0.56205               3.34938 
             -1.46250               0.54180               2.94371 
             -1.32215               0.54051               2.73519 
             -1.25665               0.56498               2.75530 
             -1.25646               0.61978               3.01115 
             -1.30717               0.70704               3.48847 
             -1.38765               0.82426               4.14014 
             -1.46730               0.96068               4.86661 
             -1.50775               1.09444               5.50840 
             -1.47395               1.19566               5.87836 
             -1.35215               1.23804               5.84128 
             -1.16034               1.21327               5.39278 
             -0.93872               1.13575               4.66410 
             -0.72730               1.03318               3.84462 
             -0.54980               0.93256               3.09355 
             -0.41205               0.85215               2.50108 
             -0.30861               0.80083               2.09611 
             -0.22950               0.78080               1.86981 
             -0.16439               0.79022               1.79423 
             -0.10440               0.82426               1.83067 
             -0.04316               0.87492               1.93136 
              0.02235               0.93074               2.04052 
              0.09107               0.97770               2.10014 
              0.15804               1.00197               2.06173 
              0.21602               0.99357               1.89913 
              0.25821               0.94926               1.61495 
              0.28058               0.87331               1.23784 
              0.28313               0.77557               0.81127 
              0.26955               0.66775               0.37904 
              0.24500               0.56007              -0.02557 
              0.21446               0.45969              -0.38313 
              0.18215               0.37061              -0.68577 
              0.15090               0.29427              -0.93409 
              0.12241               0.23053              -1.13318 
              0.09753               0.17834              -1.28993 
              0.07656               0.13628              -1.41148 
              0.05933               0.10295              -1.50409 
              0.04543               0.07683              -1.57363 
              0.03399               0.05605              -1.62675 
              0.02459               0.03943              -1.66693 
              0.01735               0.02684              -1.69450 
              0.01192               0.01750              -1.71168 
              0.00790               0.01070              -1.72054 
              0.00509               0.00598              -1.72276 
              0.00322               0.00286              -1.71994 
              0.00204               0.00090              -1.71351 
              0.00134              -0.00025              -1.70471 
              0.00096              -0.00085              -1.69456 
              0.00079              -0.00109              -1.68386 
              0.00076              -0.00112              -1.67319 
              0.00080              -0.00103              -1.66291 
              0.00089              -0.00087              -1.65322 
              0.00101              -0.00068              -1.64420 
              0.00113              -0.00049              -1.63581 
              0.00127              -0.00031              -1.62800 
              0.00139              -0.00013              -1.62064 
              0.00152               0.00002              -1.61365 
              0.00163               0.00016              -1.60695 
              0.00174               0.00027              -1.60048 
              0.00185               0.00029              -1.59428 
              0.00197               0.00024              -1.58834 
              0.00210               0.00016              -1.58270 
              0.00223               0.00007              -1.57739 
              0.00237              -0.00001              -1.57254 
              0.00253              -0.00010              -1.56826 
              0.00269              -0.00017              -1.56463 
              0.00282              -0.00023              -1.56171 
              0.00294              -0.00027              -1.55953 
              0.00305              -0.00029              -1.55805 
              0.00316              -0.00030              -1.55717 
              0.00327              -0.00030              -1.55676 
              0.00337              -0.00030              -1.55665 
              0.00348              -0.00029              -1.55666 
              0.00358              -0.00029              -1.55660 
              0.00367              -0.00028              -1.55633 
              0.00375              -0.00028              -1.55574 
              0.00381              -0.00029              -1.55476 
              0.00385              -0.00029              -1.55335 
              0.00385              -0.00030              -1.55153 
              0.00382              -0.00030              -1.54931 
              0.00375              -0.00031              -1.54675 
              0.00366              -0.00032              -1.54393 
              0.00355              -0.00032              -1.54090 
              0.00342              -0.00032              -1.53774 
              0.00327              -0.00033              -1.53455 
              0.00312              -0.00033              -1.53139 
              0.00297              -0.00033              -1.52834 
              0.00282              -0.00033              -1.52544 
              0.00267              -0.00033              -1.52275 
              0.00253              -0.00031              -1.52030 
              0.00238              -0.00027              -1.51812 
              0.00223              -0.00021              -1.51622 
              0.00209              -0.00013              -1.51455 
              0.00196              -0.00006              -1.51305 
              0.00184               0.00001              -1.51171 
              0.00173               0.00007              -1.51048 
              0.00162               0.00012              -1.50934 
              0.00152               0.00017              -1.50827 
              0.00141               0.00021              -1.50729 
              0.00130               0.00023              -1.50641 
              0.00118               0.00023              -1.50563 
              0.00106               0.00021              -1.50496 
              0.00093               0.00017              -1.50438 
              0.00081               0.00014              -1.50385 
              0.00071               0.00011              -1.50337 
              0.00061               0.00009              -1.50294 
              0.00053               0.00007              -1.50256 
              0.00046               0.00005              -1.50223 
              0.00040               0.00004              -1.50195 
              0.00035               0.00003              -1.50170 
              0.00030               0.00002              -1.50148 
              0.00026               0.00002              -1.50130 
              0.00023               0.00001              -1.50114 
              0.00020               0.00001              -1.50100 
              0.00017               0.00000              -1.50088 
              0.00015               0.00000              -1.50079 
              0.00014              -0.00000              -1.50071 
              0.00013              -0.00000              -1.50067 
              0.00013              -0.00000              -1.50064 
              0.00013              -0.00001              -1.50065 
              0.00013              -0.00001              -1.50069 
              0.00014              -0.00001              -1.50075 
              0.00016              -0.00001              -1.50084 
              0.00018              -0.00002              -1.50095 
              0.00020              -0.00002              -1.50106 
              0.00023              -0.00003              -1.50118 
              0.00025              -0.00003              -1.50129 
              0.00026              -0.00004              -1.50137 
              0.00027              -0.00004              -1.50142 
              0.00027              -0.00005              -1.50143 
              0.00027              -0.00005              -1.50140 
              0.00025              -0.00005              -1.50132 
              0.00023              -0.00005              -1.50119 
              0.00020              -0.00005              -1.50104 
              0.00017              -0.00004              -1.50085 
              0.00013              -0.00003              -1.50066 
              0.00009              -0.00003              -1.50048 
              0.00007              -0.00002              -1.50034 
              0.00004              -0.00001              -1.50022 
              0.00003              -0.00001              -1.50013 
              0.00001              -0.00000              -1.50006 
              0.00001              -0.00000              -1.50004 
              0.00001              -0.00000              -1.50003 
              0.00001              -0.00000              -1.50003 
              0.00001              -0.00000              -1.50005 
              0.00002              -0.00001              -1.50011 
              0.00006              -0.00003              -1.50030 
              0.00013              -0.00006              -1.50064 
              0.00022              -0.00010              -1.50109 
              0.00033              -0.00016              -1.50165 
              0.00047              -0.00024              -1.50232 
              0.00061              -0.00033              -1.50311 
              0.00074              -0.00039              -1.50415 
              0.00082              -0.00041              -1.50546 
              0.00090              -0.00042              -1.50695 
              0.00096              -0.00044              -1.50857 
              0.00102              -0.00048              -1.51033 
              0.00106              -0.00052              -1.51225 
              0.00109              -0.00059              -1.51436 
              0.00111              -0.00068              -1.51672 
              0.00111              -0.00079              -1.51939 
              0.00108              -0.00095              -1.52246 
              0.00102              -0.00115              -1.52600 
              0.00091              -0.00141              -1.53010 
              0.00075              -0.00174              -1.63488 
              0.00062              -0.00212              -1.64053 
              0.00065              -0.00249              -1.64737 
              0.00067              -0.00295              -1.65519 
              0.00065              -0.00352              -1.66403 
              0.00061              -0.00402              -1.67407 
              0.00057              -0.00435              -1.68535 
              0.00047              -0.00467              -1.69762 
              0.00032              -0.00493              -1.71074 
              0.00013              -0.00511              -1.72454 
             -0.00012              -0.00513              -1.73886 
             -0.00040              -0.00492              -1.75343 
             -0.00070              -0.00436              -1.76801 
             -0.00100              -0.00335              -1.78228 
             -0.00128              -0.00175              -1.79591 
             -0.00152               0.00060              -1.80852 
             -0.00167               0.00387              -1.81968 
             -0.00169               0.00821              -1.82896 
             -0.00159               0.01389              -1.83578 
             -0.00139               0.02124              -1.83953 
             -0.00110               0.03064              -1.83992 
             -0.00075               0.04246              -1.83639 
             -0.00040               0.05707              -1.82791 
             -0.00016               0.07488              -1.81348 
             -0.00013               0.09643              -1.79213 
             -0.00049               0.12164              -1.76389 
             -0.00140               0.15134              -1.72718 
             -0.00319               0.18712              -1.67915 
             -0.00639               0.23087              -1.61636 
             -0.01165               0.28481              -1.53486 
             -0.01999               0.35174              -1.42939 
             -0.03323               0.43542              -1.29257 
             -0.05376               0.54043              -1.11589 
             -0.08511               0.67145              -0.88980 
             -0.13766               0.83012              -0.60116 
             -0.22754               1.01266              -0.23921 
             -0.37747               1.20587               0.19995 
             -0.61836               1.38305               0.71180 
             -0.98503               1.50543               1.28202 
             -1.50337               1.53227               1.88697 
             -2.16878               1.43962               2.49291 
             -2.92256               1.23566               3.05251 
             -3.64582               0.96169               3.50044 
             -4.19124               0.67290               3.76307 
             -4.44809               0.41358               3.78871 
             -4.39786               0.20249               3.58344 
             -4.11695               0.03673               3.21763 
             -3.72774              -0.09632               2.79553 
             -3.34070              -0.21055               2.41374 
             -3.02397              -0.31893               2.13659 
             -2.80371              -0.43383               1.99407 
             -2.67854              -0.56700               1.99173 
             -2.63363              -0.72797               2.12006 
             -2.64858              -0.92151               2.35835 
             -2.70008              -1.14346               2.67364 
             -2.76224              -1.37823               3.01731 
             -2.80728              -1.59839               3.32569 
             -2.80867              -1.76901               3.52898 
             -2.74742              -1.85739               3.56799 
             -2.61781              -1.84490               3.41364 
             -2.42955              -1.73546               3.07903 
             -2.20452              -1.55540               2.61647 
             -1.96992              -1.34293               2.09916 
             -1.75101              -1.13381               1.59805 
             -1.56666              -0.95208               1.16541 
             -1.42834              -0.80875               0.83073 
             -1.34178              -0.70536               0.60549 
             -1.30956              -0.63866               0.49069 
             -1.33332              -0.60417               0.48294 
             -1.41438              -0.59773               0.57728 
             -1.55280              -0.61580               0.76663 
             -1.74430              -0.65504               1.03812 
             -1.97598              -0.71131               1.36828 
             -2.22296              -0.77855               1.71984 
             -2.44868              -0.84843               2.04297 
             -2.61137              -0.91091               2.28360 
             -2.67672              -0.95621               2.39724 
             -2.63059              -0.97734               2.36344 
             -2.48517              -0.97218               2.19322 
             -2.27455              -0.94412               1.92573 
             -2.04330              -0.90077               1.61670 
             -1.83496              -0.85118               1.32535 
             -1.68573              -0.80268               1.10505 
             -1.62405              -0.75810               1.00002 
             -1.67377              -0.71355               1.04642 
             -1.85825              -0.65668               1.27547 
             -2.20263              -0.56488               1.71645 
             -2.73135              -0.40432               2.39466 
             -3.45440              -0.13256               3.31907 
             -4.33912               0.28944               4.45822 
             -5.28041               0.86772               5.70968 
             -6.09730               1.53039               6.88377 
             -6.58564               2.10127               7.73694 
             -6.61242               2.35654               8.07423 
             -6.18044               2.16441               7.86700 
             -5.41409               1.57368               7.27596 
             -4.48991               0.75424               6.55029 
             -3.56554              -0.11896               5.90111 
             -2.74149              -0.92094               5.43922 
             -2.05803              -1.56635               5.17951 
             -1.51189              -1.98402               5.07673 
             -1.07546              -2.10732               5.07099 
             -0.71178              -1.88268               5.12924 
             -0.38574              -1.28025               5.26779 
             -0.07490              -0.29409               5.54425 
              0.22085               1.05631               6.01822 
              0.47745               2.68659               6.68867 
              0.65907               4.35382               7.42138 
              0.74057               5.60659               7.92297 
              0.72297               5.97702               7.86919 
              0.62823               5.36302               7.16145 
              0.48431               4.13267               6.02407 
              0.31699               2.78981               4.80870 
              0.14621               1.64726               3.76733 
             -0.01734               0.78531               2.99544 
             -0.17231               0.16095               2.48555 
             -0.32287              -0.29666               2.18678 
             -0.47339              -0.64258               2.03669 
             -0.62397              -0.90570               1.97267 
             -0.76836              -1.09293               1.93557 
             -0.89453              -1.19929               1.87317 
             -0.98786              -1.22002               1.74534 
             -1.03546              -1.16003               1.53034 
             -1.03092              -1.03690               1.22798 
             -0.97649              -0.87676               0.85705 
             -0.88259              -0.70656               0.44771 
             -0.76424              -0.54738               0.03306 
             -0.63794              -0.41171              -0.35907 
             -0.51783              -0.30514              -0.71058 
             -0.41098              -0.22629              -1.00957 
             -0.32070              -0.16943              -1.25143 
             -0.24761              -0.12883              -1.43879 
             -0.19036              -0.09920              -1.57903 
             -0.14639              -0.07678              -1.68093 
             -0.11190              -0.05963              -1.75390 
             -0.08471              -0.04676              -1.80445 
             -0.06356              -0.03708              -1.83776 
             -0.04740              -0.02964              -1.85783 
             -0.03501              -0.02383              -1.86845 
             -0.02547              -0.01922              -1.87257 
             -0.01808              -0.01552              -1.87233 
             -0.01233              -0.01252              -1.86925 
             -0.00785              -0.01007              -1.86437 
             -0.00441              -0.00809              -1.85855 
             -0.00179              -0.00646              -1.85216 
              0.00014              -0.00512              -1.84538 
              0.00149              -0.00400              -1.83834 
              0.00233              -0.00304              -1.83110 
              0.00272              -0.00223              -1.82371 
              0.00272              -0.00154              -1.81618 
              0.00241              -0.00095              -1.80852 
              0.00184              -0.00048              -1.80073 
              0.00111              -0.00010              -1.79284 
              0.00027               0.00017              -1.78489 
             -0.00058               0.00036              -1.77699 
             -0.00140               0.00047              -1.76926 
             -0.00215               0.00052              -1.76185 
             -0.00280               0.00045              -1.75500 
             -0.00336               0.00031              -1.74879 
             -0.00380               0.00014              -1.74328 
             -0.00418              -0.00006              -1.73848 
             -0.00450              -0.00027              -1.73424 
             -0.00476              -0.00050              -1.73039 
             -0.00495              -0.00069              -1.72664 
             -0.00508              -0.00085              -1.72277 
             -0.00513              -0.00095              -1.71857 
             -0.00512              -0.00101              -1.71391 
             -0.00504              -0.00102              -1.70868 
             -0.00490              -0.00099              -1.70288 
             -0.00472              -0.00094              -1.69655 
             -0.00450              -0.00085              -1.68975 
             -0.00422              -0.00074              -1.68261 
             -0.00390              -0.00060              -1.67529 
             -0.00354              -0.00045              -1.66797 
             -0.00317              -0.00029              -1.66085 
             -0.00279              -0.00012              -1.65410 
             -0.00242               0.00005              -1.64789 
             -0.00205               0.00022              -1.64231 
             -0.00171               0.00039              -1.63744 
             -0.00139               0.00055              -1.63330 
             -0.00110               0.00072              -1.62984 
             -0.00083               0.00088              -1.62700 
             -0.00059               0.00103              -1.62470 
             -0.00036               0.00117              -1.62283 
             -0.00016               0.00129              -1.62131 
              0.00003               0.00140              -1.62003 
              0.00020               0.00148              -1.61890 
              0.00037               0.00154              -1.61785 
              0.00051               0.00157              -1.61681 
              0.00065               0.00158              -1.61574 
              0.00077               0.00157              -1.61459 
              0.00088               0.00153              -1.61336 
              0.00094               0.00145              -1.61213 
              0.00096               0.00131              -1.61095 
              0.00094               0.00115              -1.60978 
              0.00087               0.00098              -1.60871 
              0.00079               0.00081              -1.60771 
              0.00069               0.00068              -1.60685 
              0.00058               0.00056              -1.60609 
              0.00048               0.00046              -1.60541 
              0.00040               0.00038              -1.60484 
              0.00032               0.00032              -1.60439 
              0.00026               0.00028              -1.60410 
              0.00020               0.00025              -1.60392 
              0.00016               0.00023              -1.60385 
              0.00011               0.00021              -1.60384 
              0.00007               0.00019              -1.60386 
              0.00002               0.00018              -1.60387 
             -0.00002               0.00016              -1.60386 
             -0.00007               0.00014              -1.60379 
             -0.00012               0.00013              -1.60367 
             -0.00015               0.00011              -1.60348 
             -0.00019               0.00010              -1.60324 
             -0.00021               0.00008              -1.60295 
             -0.00022               0.00007              -1.60263 
             -0.00022               0.00007              -1.60227 
             -0.00021               0.00006              -1.60189 
             -0.00020               0.00006              -1.60152 
             -0.00018               0.00007              -1.60117 
             -0.00015               0.00007              -1.60085 
             -0.00012               0.00006              -1.60061 
             -0.00008               0.00004              -1.60042 
             -0.00005               0.00003              -1.60025 
             -0.00003               0.00002              -1.60014 
             -0.00001               0.00001              -1.60008 
             -0.00001               0.00000              -1.60005 
             -0.00000               0.00000              -1.60002 
             -0.00000               0.00000              -1.60000 
             -0.00000               0.00000              -1.60000 
              0.00000               0.00000              -1.60000 
              0.00000              -0.00000              -1.60000 
              0.00000              -0.00000              -1.60000 
              0.00000              -0.00000              -1.60000 
              0.00000               0.00000              -1.60000 
              0.00000              -0.00000              -1.60000 
              0.00000              -0.00000              -1.60000 
             -0.00000              -0.00000              -1.60000 
              0.00000              -0.00000              -1.60000 
              0.00000               0.00000              -1.60000 
             -0.00000               0.00000              -1.60002 
             -0.00001               0.00001              -1.60005 
             -0.00001               0.00002              -1.60012 
             -0.00003               0.00003              -1.60024 
             -0.00006               0.00005              -1.60041 
             -0.00010               0.00007              -1.60062 
             -0.00014               0.00010              -1.60084 
             -0.00018               0.00012              -1.60107 
             -0.00022               0.00015              -1.60132 
             -0.00027               0.00017              -1.60158 
             -0.00033               0.00020              -1.60189 
             -0.00039               0.00023              -1.60226 
             -0.00047               0.00026              -1.60272 
             -0.00057               0.00028              -1.60331 
             -0.00068               0.00030              -1.60404 
             -0.00081               0.00031              -1.60492 
             -0.00095               0.00030              -1.60597 
             -0.00111               0.00027              -1.60719 
             -0.00129               0.00023              -1.60859 
             -0.00148               0.00017              -1.61018 
             -0.00168               0.00011              -1.61193 
             -0.00190               0.00004              -1.61384 
             -0.00212              -0.00003              -1.61590 
             -0.00236              -0.00009              -1.61813 
             -0.00258              -0.00014              -1.62058 
             -0.00280              -0.00014              -1.62330 
             -0.00302              -0.00013              -1.62630 
             -0.00325              -0.00010              -1.62959 
             -0.00349              -0.00007              -1.63324 
             -0.00375              -0.00002              -1.63732 
             -0.00401               0.00003              -1.64194 
             -0.00428               0.00010              -1.64717 
             -0.00454               0.00017              -1.65309 
             -0.00476               0.00024              -1.65970 
             -0.00498               0.00028              -1.66699 
             -0.00516               0.00029              -1.67489 
             -0.00528               0.00026              -1.68327 
             -0.00530               0.00017              -1.69199 
             -0.00525               0.00009              -1.70093 
             -0.00516               0.00003              -1.70996 
             -0.00500              -0.00002              -1.71892 
             -0.00473              -0.00008              -1.72768 
             -0.00438              -0.00015              -1.73624 
             -0.00392              -0.00021              -1.74457 
             -0.00331              -0.00020              -1.75268 
             -0.00245              -0.00007              -1.76042 
             -0.00119               0.00018              -1.76743 
              0.00075               0.00059              -1.77296 
              0.00382               0.00128              -1.77549 
              0.00878               0.00241              -1.77219 
              0.01688               0.00434              -1.75821 
              0.03004               0.00747              -1.72610 
              0.05080               0.01227              -1.66659 
              0.08464               0.01969              -1.55931 
              0.13965               0.03138              -1.37632 
              0.22634               0.04922              -1.08332 
              0.35630               0.07538              -0.64588 
              0.53614               0.11078              -0.04901 
              0.75741               0.15262               0.67204 
              0.98737               0.19221               1.40696 
              1.17666               0.21743               1.99626 
              1.28760               0.22061               2.31599 
              1.31670               0.20408               2.34581 
              1.29185               0.17771               2.16721 
              1.25239               0.15220               1.90728 
              1.22709               0.13313               1.66982 
              1.22465               0.12011               1.50059 
              1.23765               0.10953               1.39558 
              1.25191               0.09763               1.32687 
              1.25472               0.08183               1.26531 
              1.24011               0.06092               1.19422 
              1.21061               0.03478               1.11398 
              1.17614               0.00385               1.04078 
              1.15118              -0.03112               1.00134 
              1.15193              -0.06895               1.02652 
              1.19402              -0.10706               1.14473 
              1.28987              -0.14007               1.37347 
              1.44309              -0.15772               1.70515 
              1.63902              -0.14498               2.08900 
              1.83878              -0.08800               2.42908 
              1.99255               0.01391               2.62720 
              2.07071               0.14173               2.64998 
              2.07769               0.26539               2.54068 
              2.02489               0.35467               2.35547 
              1.90248               0.38439               2.10564 
              1.69134               0.33772               1.78036 
              1.40062               0.21562               1.40627 
              1.07685               0.03940               1.05669 
              0.77191              -0.16535               0.80906 
              0.51399              -0.38415               0.70643 
              0.30222              -0.62265               0.76308 
              0.11682              -0.90496               0.98620 
             -0.06930              -1.26859               1.39359 
             -0.27800              -1.75122               2.01028 
             -0.50636              -2.35465               2.82176 
             -0.70264              -2.97869               3.66910 
             -0.77662              -3.39349               4.18959 
             -0.68577              -3.39420               4.04741 
             -0.50285              -3.04061               3.33252 
             -0.33295              -2.58826               2.46841 
             -0.21752              -2.22276               1.76765 
             -0.14669              -1.99121               1.30792 
             -0.10088              -1.87638               1.05615 
             -0.06828              -1.85287               0.96306 
             -0.04312              -1.90136               0.99281 
             -0.02181              -2.00788               1.12346 
              0.00004              -2.16385               1.34636 
              0.02711              -2.37019               1.66727 
              0.06394              -2.63575               2.09939 
              0.11390              -2.96031               2.63572 
              0.17497              -3.30723               3.20998 
              0.23714              -3.59020               3.67681 
              0.28214              -3.70426               3.86616 
              0.29202              -3.60104               3.70495 
              0.25973              -3.33310               3.28515 
              0.18697              -3.00892               2.78985 
              0.07422              -2.71936               2.37575 
             -0.08584              -2.51212               2.13262 
             -0.30805              -2.40606               2.10515 
             -0.61099              -2.40480               2.31629 
             -1.01113              -2.49533               2.76531 
             -1.51466              -2.63374               3.41076 
             -2.10688              -2.74192               4.16433 
             -2.73974              -2.75320               4.92305 
             -3.32654              -2.68143               5.61169 
             -3.76219              -2.61070               6.16373 
             -3.96914              -2.60076               6.48091 
             -3.93600              -2.63843               6.48085 
             -3.70479              -2.68353               6.18494 
             -3.32444              -2.72512               5.71285 
             -2.83394              -2.78292               5.20801 
             -2.27977              -2.86569               4.76717 
             -1.72762              -2.93285               4.39387 
             -1.24408              -2.90298               4.00637 
             -0.86448              -2.71820               3.51793 
             -0.58305              -2.40104               2.92155 
             -0.37388              -2.03369               2.28477 
             -0.21298              -1.69390               1.68587 
             -0.08482              -1.41975               1.17269 
              0.02000              -1.21240               0.75910 
              0.10821              -1.05362               0.43736 
              0.18559              -0.92259               0.19099 
              0.25730              -0.80447               0.00476 
              0.32786              -0.69225              -0.13334 
              0.39953              -0.58416              -0.23286 
              0.47151              -0.48033              -0.30293 
              0.54118              -0.38009              -0.35207 
              0.60480              -0.28312              -0.38820 
              0.65863              -0.19004              -0.41758 
              0.70005              -0.10280              -0.44430 
              0.72763              -0.02440              -0.47154 
              0.74002               0.04229              -0.50350 
              0.73556               0.09582              -0.54465 
              0.71311               0.13821              -0.59687 
              0.67306               0.17496              -0.65670 
              0.61781               0.21580              -0.71435 
              0.55039               0.27325              -0.75250 
              0.47400               0.36320              -0.74825 
              0.39175               0.50481              -0.67227 
              0.30581               0.71847              -0.49111 
              0.21793               1.01759              -0.17740 
              0.13025               1.38970               0.26294 
              0.04705               1.76985               0.74809 
             -0.02401               2.03763               1.10582 
             -0.07402               2.08539               1.16520 
             -0.09858               1.91511               0.90805 
             -0.10165               1.62877               0.47461 
             -0.09167               1.32831               0.01995 
             -0.07628               1.06492              -0.37431 
             -0.06069               0.85347              -0.68631 
             -0.04764               0.69419              -0.91871 
             -0.03789               0.58103              -1.08245 
             -0.03114               0.50457              -1.19179 
             -0.02662               0.45463              -1.26151 
             -0.02335               0.42201              -1.30458 
             -0.02089               0.39997              -1.33069 
             -0.01881               0.38418              -1.34582 
             -0.01700               0.37256              -1.35255 
             -0.01553               0.36457              -1.35110 
             -0.01426               0.36045              -1.34004 
             -0.01317               0.36043              -1.31829 
             -0.01226               0.36395              -1.28657 
             -0.01150               0.36941              -1.24831 
             -0.01087               0.37435              -1.20967 
             -0.01033               0.37590              -1.17865 
             -0.00981               0.37156              -1.16310 
             -0.00920               0.35995              -1.16834 
             -0.00844               0.34119              -1.19538 
             -0.00749               0.31675              -1.24064 
             -0.00634               0.28889              -1.29766 
             -0.00500               0.26012              -1.35898 
             -0.00344               0.23266              -1.41795 
             -0.00159               0.20804              -1.47013 
              0.00051               0.18708              -1.51329 
              0.00286               0.17010              -1.54688 
              0.00537               0.15706              -1.57139 
              0.00794               0.14789              -1.58746 
              0.01047               0.14259              -1.59547 
              0.01292               0.14148              -1.59514 
              0.01533               0.14507              -1.58547 
              0.01781               0.15403              -1.56496 
              0.02054               0.16896              -1.53196 
              0.02384               0.19026              -1.48517 
              0.02806               0.21762              -1.42475 
              0.03362               0.24981              -1.35284 
              0.04087               0.28424              -1.27450 
              0.04986               0.31679              -1.19822 
              0.06022               0.34252              -1.13462 
              0.07089               0.35663              -1.09459 
              0.08029               0.35592              -1.08617 
              0.08680               0.34008              -1.11163 
              0.08932               0.31174              -1.16655 
              0.08768               0.27556              -1.24151 
              0.08268               0.23672              -1.32504 
              0.07565               0.19955              -1.40683 
              0.06804               0.16692              -1.47962 
              0.06103               0.14017              -1.53937 
              0.05534               0.11946              -1.58497 
              0.05126               0.10412              -1.61752 
              0.04880               0.09320              -1.63890 
              0.04784               0.08573              -1.65118 
              0.04810               0.08082              -1.65672 
              0.04932               0.07772              -1.65756 
              0.05115               0.07566              -1.65574 
              0.05328               0.07410              -1.65291 
              0.05536               0.07247              -1.65054 
              0.05711               0.07032              -1.64969 
              0.05822               0.06727              -1.65132 
              0.05853               0.06315              -1.65581 
              0.05789               0.05799              -1.66332 
              0.05620               0.05189              -1.67372 
              0.05354               0.04513              -1.68631 
              0.05003               0.03807              -1.70011 
              0.04587               0.03101              -1.71429 
              0.04127               0.02418              -1.72802 
              0.03652               0.01773              -1.74054 
              0.03178               0.01172              -1.75163 
              0.02726               0.00614              -1.76093 
              0.02314               0.00103              -1.76839 
              0.01958              -0.00359              -1.77411 
              0.01663              -0.00779              -1.77820 
              0.01435              -0.01157              -1.78092 
              0.01281              -0.01491              -1.78264 
              0.01208              -0.01772              -1.78371 
              0.01210              -0.01999              -1.78470 
              0.01296              -0.02162              -1.78585 
              0.01460              -0.02260              -1.78746 
              0.01695              -0.02297              -1.78955 
              0.01982              -0.02282              -1.79227 
              0.02294              -0.02237              -1.79566 
              0.02606              -0.02183              -1.79976 
              0.02900              -0.02130              -1.80456 
              0.03156              -0.02090              -1.80999 
              0.03358              -0.02066              -1.81600 
              0.03499              -0.02035              -1.82276 
              0.03581              -0.01992              -1.82982 
              0.03609              -0.01928              -1.83685 
              0.03584              -0.01835              -1.84346 
              0.03508              -0.01708              -1.84926 
              0.03371              -0.01537              -1.85398 
              0.03161              -0.01310              -1.85718 
              0.02854              -0.01012              -1.85815 
              0.02430              -0.00614              -1.85607 
              0.01867              -0.00071              -1.84962 
              0.01128               0.00677              -1.83728 
              0.00172               0.01697              -1.81721 
             -0.01036               0.03086              -1.78734 
             -0.02575               0.05017              -1.74389 
             -0.04534               0.07681              -1.68254 
             -0.07020               0.11259              -1.59879 
             -0.10291               0.15814              -1.48808 
             -0.14597               0.21208              -1.34870 
             -0.20193               0.27029              -1.18351 
             -0.27385               0.32590              -0.99902 
             -0.36260               0.37156              -0.80490 
             -0.46584               0.40083              -0.61211 
             -0.57904               0.40963              -0.42949 
             -0.69869               0.39775              -0.25850 
             -0.82655               0.36649              -0.08967 
             -0.97242               0.31870               0.09902 
             -1.15232               0.25832               0.33863 
             -1.38466               0.18900               0.66189 
             -1.68398               0.11291               1.09217 
             -2.04641               0.03225               1.62101 
             -2.41962              -0.04469               2.17159 
             -2.68604              -0.09753               2.58587 
             -2.72300              -0.10431               2.70480 
             -2.51236              -0.06331               2.49837 
             -2.15696               0.00470               2.08322 
             -1.78579               0.07648               1.62002 
             -1.47639               0.14457               1.22831 
             -1.24995               0.21665               0.97261 
             -1.09890               0.30428               0.88146 
             -1.00862               0.41486               0.96608 
             -0.96663               0.54825               1.22599 
             -0.96709               0.69334               1.64793 
             -1.01337               0.82772               2.20288 
             -1.10960               0.92756               2.84538 
             -1.23155               0.99007               3.50963 
             -1.30115               1.05155               4.10401 
             -1.23576               1.16524               4.55270 
             -1.05402               1.33733               4.86740 
             -0.86289               1.50727               5.09733 
             -0.73661               1.60652               5.22076 
             -0.66615               1.60460               5.14987 
             -0.59355               1.51122               4.81377 
             -0.44998               1.39357               4.26066 
             -0.20013               1.35372               3.68071 
              0.11918               1.43283               3.27444 
              0.43774               1.58978               3.12044 
              0.70427               1.75744               3.16255 
              0.89556               1.88714               3.27418 
              1.00360               1.95289               3.32625 
              1.02811               1.93904               3.22779 
              0.97989               1.84182               2.94921 
              0.88154               1.67703               2.52256 
              0.75935               1.47273               2.00664 
              0.63354               1.25457               1.45793 
              0.51783               1.04336               0.92508 
              0.41985               0.85637               0.45073 
              0.34230               0.70527               0.06166 
              0.28326               0.59310              -0.23486 
              0.23915               0.51662              -0.44605 
              0.20698               0.47035              -0.58433 
              0.18492               0.44923              -0.66012 
              0.17212               0.44963              -0.67947 
              0.16824               0.46904              -0.64497 
              0.17305               0.50527              -0.55726 
              0.18623               0.55638              -0.41477 
              0.20746               0.62169              -0.21093 
              0.23700               0.70348               0.06879 
              0.27545               0.80597               0.44065 
              0.32073               0.92876               0.89896 
              0.36378               1.05805               1.38885 
              0.39225               1.17047               1.82109 
              0.40357               1.25432               2.14623 
              0.41170               1.32375               2.39339 
              0.43496               1.40259               2.61320 
              0.48121               1.49828               2.80641 
              0.54223               1.59056               2.91352 
              0.59551               1.63894               2.85774 
              0.61529               1.60636               2.60544 
              0.59456               1.49387               2.21228 
              0.55223               1.34599               1.79757 
              0.51169               1.20977               1.45719 
              0.48346               1.10626               1.22306 
              0.46746               1.03702               1.08693 
              0.46063               0.99753               1.02944 
              0.46134               0.98303               1.03331 
              0.47066               0.99002               1.08718 
              0.49197               1.01775               1.19126 
              0.52974               1.06971               1.35971 
              0.58386               1.14534               1.59747 
              0.63760               1.21667               1.84167 
              0.66199               1.23017               1.96612 
              0.65228               1.17099               1.93172 
              0.62751               1.07360               1.79474 
              0.59506               0.96594               1.57374 
              0.55811               0.86958               1.30843 
              0.52291               0.79975               1.08500 
              0.48588               0.74927               0.94563 
              0.43463               0.69756               0.87403 
              0.35749               0.62709               0.83864 
              0.24975               0.53319               0.82354 
              0.11751               0.42568               0.83601 
             -0.01930               0.32305               0.88524 
             -0.13134               0.24181               0.95497 
             -0.19968               0.18425               1.01534 
             -0.23656               0.13290               1.06097 
             -0.27548               0.06366               1.11214 
             -0.33757              -0.03222               1.17176 
             -0.40904              -0.13695               1.19301 
             -0.44805              -0.21382               1.09562 
             -0.42133              -0.23384               0.83038 
             -0.33763              -0.20058               0.43362 
             -0.23627              -0.14317               0.00009 
             -0.15129              -0.08947              -0.38713 
             -0.09537              -0.05224              -0.69127 
             -0.06618              -0.03236              -0.91163 
             -0.05609              -0.02570              -1.06330 
             -0.05818              -0.02781              -1.16351 
             -0.06697              -0.03495              -1.22815 
             -0.07842              -0.04462              -1.27066 
             -0.08870              -0.05430              -1.30193 
             -0.09513              -0.06248              -1.33097 
             -0.09582              -0.06784              -1.36539 
             -0.09037              -0.06956              -1.40911 
             -0.07987              -0.06756              -1.46147 
             -0.06673              -0.06262              -1.51836 
             -0.05347              -0.05605              -1.57371 
             -0.04194              -0.04920              -1.62216 
             -0.03310              -0.04317              -1.66082 
             -0.02708              -0.03854              -1.68928 
             -0.02343              -0.03541              -1.70895 
             -0.02154              -0.03352              -1.72211 
             -0.02065              -0.03230              -1.73123 
             -0.02020              -0.03139              -1.73752 
             -0.01985              -0.03049              -1.74220 
             -0.01927              -0.02923              -1.74606 
             -0.01833              -0.02743              -1.74945 
             -0.01705              -0.02502              -1.75263 
             -0.01553              -0.02210              -1.75531 
             -0.01393              -0.01888              -1.75715 
             -0.01238              -0.01561              -1.75787 
             -0.01099              -0.01254              -1.75737 
             -0.00972              -0.00984              -1.75591 
             -0.00861              -0.00759              -1.75375 
             -0.00769              -0.00593              -1.75088 
             -0.00694              -0.00486              -1.74768 
             -0.00634              -0.00424              -1.74450 
             -0.00581              -0.00391              -1.74156 
             -0.00530              -0.00373              -1.73907 
             -0.00479              -0.00355              -1.73717 
             -0.00423              -0.00331              -1.73591 
             -0.00362              -0.00296              -1.73525 
             -0.00303              -0.00249              -1.73506 
             -0.00247              -0.00195              -1.73510 
             -0.00194              -0.00134              -1.73524 
             -0.00145              -0.00074              -1.73530 
             -0.00102              -0.00019              -1.73512 
             -0.00066               0.00026              -1.73472 
             -0.00035               0.00060              -1.73412 
             -0.00011               0.00085              -1.73340 
              0.00007               0.00102              -1.73262 
              0.00022               0.00112              -1.73183 
              0.00032               0.00117              -1.73109 
              0.00038               0.00117              -1.73043 
              0.00042               0.00116              -1.72984 
              0.00042               0.00114              -1.72933 
              0.00040               0.00109              -1.72892 
              0.00038               0.00103              -1.72861 
              0.00035               0.00097              -1.72837 
              0.00031               0.00090              -1.72824 
              0.00028               0.00084              -1.72821 
              0.00023               0.00077              -1.72826 
              0.00018               0.00071              -1.72833 
              0.00013               0.00065              -1.72835 
              0.00009               0.00059              -1.72820 
              0.00007               0.00052              -1.72775 
              0.00010               0.00045              -1.72687 
              0.00022               0.00036              -1.72541 
              0.00047               0.00026              -1.72326 
              0.00088               0.00014              -1.72043 
              0.00150              -0.00002              -1.71661 
              0.00240              -0.00026              -1.71158 
              0.00357              -0.00059              -1.70542 
              0.00510              -0.00103              -1.69770 
              0.00707              -0.00162              -1.68803 
              0.00957              -0.00231              -1.67635 
              0.01261              -0.00299              -1.66298 
              0.01611              -0.00349              -1.64878 
              0.01980              -0.00359              -1.63525 
              0.02322              -0.00309              -1.62433 
              0.02584              -0.00197              -1.61798 
              0.02719              -0.00051              -1.61760 
              0.02709               0.00086              -1.62310 
              0.02579               0.00159              -1.63239 
              0.02382               0.00132              -1.64240 
              0.02184               0.00005              -1.64968 
              0.02036              -0.00198              -1.65122 
              0.01968              -0.00429              -1.64466 
