              0.00000               0.00000              -1.00000 
              0.00000              -0.00000              -1.00000 
             -0.00000               0.00000              -1.00000 
              0.00000              -0.00000              -1.00000 
              0.00000               0.00000              -1.00000 
             -0.00000               0.00000              -1.00000 
              0.00000               0.00000              -1.00000 
              0.00000              -0.00000              -1.00000 
             -0.00000              -0.00000              -1.00000 
             -0.00000               0.00000              -1.00000 
              0.00000               0.00000              -1.00000 
              0.00000               0.00000              -1.00000 
              0.00000               0.00000              -1.00000 
              0.00000              -0.00000              -1.00000 
             -0.00000              -0.00000              -1.00000 
              0.00000               0.00000              -1.00000 
              0.00000               0.00000              -1.00000 
              0.00000              -0.00000              -1.00000 
              0.00000              -0.00000              -1.00000 
             -0.00000               0.00000              -1.00000 
             -0.00000               0.00000              -1.00000 
             -0.00000              -0.00000              -1.00000 
             -0.00000               0.00000              -1.00000 
              0.00000               0.00000              -1.00000 
              0.00000               0.00000              -1.00000 
              0.00000               0.00000              -1.00000 
              0.00000               0.00000              -1.00000 
              0.00000               0.00000              -1.00001 
              0.00001               0.00000              -1.00002 
              0.00001               0.00000              -1.00004 
              0.00002               0.00000              -1.00006 
              0.00003               0.00000              -1.00009 
              0.00005               0.00000              -1.00014 
              0.00007               0.00000              -1.00021 
              0.00010               0.00000              -1.00030 
              0.00014               0.00000              -1.00041 
              0.00018               0.00000              -1.00054 
              0.00023               0.00000              -1.00067 
              0.00032               0.00000              -1.00095 
              0.00038               0.00000              -1.00113 
              0.00044               0.00000              -1.00133 
              0.00051               0.00000              -1.00155 
              0.00058              -0.00001              -1.00182 
              0.00065              -0.00001              -1.00213 
              0.00072              -0.00001              -1.00249 
              0.00079              -0.00001              -1.00292 
              0.00087              -0.00001              -1.00342 
              0.00094              -0.00001              -1.00398 
              0.00102              -0.00001              -1.00459 
              0.00111              -0.00001              -1.00525 
              0.00120              -0.00000              -1.00597 
              0.00129              -0.00000              -1.00674 
              0.00139              -0.00000              -1.00757 
              0.00150               0.00000              -1.00847 
              0.00160               0.00000              -1.00942 
              0.00172               0.00000              -1.01045 
              0.00184               0.00000              -1.01155 
              0.00197               0.00000              -1.01272 
              0.00210               0.00000              -1.01397 
              0.00223               0.00000              -1.01531 
              0.00237               0.00000              -1.01675 
              0.00251               0.00000              -1.01830 
              0.00264               0.00000              -1.01997 
              0.00276               0.00000              -1.02179 
              0.00288               0.00000              -1.02374 
              0.00299               0.00000              -1.02584 
              0.00311               0.00000              -1.02810 
              0.00323              -0.00000              -1.03053 
              0.00335              -0.00000              -1.03313 
              0.00347              -0.00000              -1.03592 
              0.00359              -0.00000              -1.03892 
              0.00370              -0.00000              -1.04212 
              0.00382              -0.00000              -1.04554 
              0.00392              -0.00000              -1.04919 
              0.00402              -0.00001              -1.05307 
              0.00411              -0.00001              -1.05718 
              0.00417              -0.00001              -1.06153 
              0.00421              -0.00001              -1.06609 
              0.00422              -0.00001              -1.07087 
              0.00419              -0.00001              -1.07585 
              0.00410              -0.00001              -1.08099 
              0.00396              -0.00002              -1.08628 
              0.00374              -0.00001              -1.09169 
              0.00349              -0.00001              -1.09720 
              0.00320              -0.00001              -1.10277 
              0.00281              -0.00001              -1.10826 
              0.00225              -0.00001              -1.11349 
              0.00143              -0.00000              -1.11823 
              0.00028               0.00000              -1.12223 
             -0.00131               0.00001              -1.12515 
             -0.00346               0.00002              -1.12655 
             -0.00635               0.00004              -1.12584 
             -0.01020               0.00007              -1.12229 
             -0.01529               0.00011              -1.11493 
             -0.02198               0.00017              -1.10259 
             -0.03069               0.00027              -1.08382 
             -0.04191               0.00041              -1.05709 
             -0.05613               0.00062              -1.02098 
             -0.07457               0.00093              -0.97182 
             -0.09884               0.00137              -0.90410 
             -0.13073               0.00198              -0.81202 
             -0.17236               0.00281              -0.68879 
             -0.22624               0.00392              -0.52654 
             -0.29508               0.00542              -0.31673 
             -0.38146               0.00740              -0.05134 
             -0.48714               0.01000               0.27507 
             -0.61217               0.01321               0.66285 
             -0.75355               0.01709               1.10322 
             -0.90382               0.02158               1.57386 
             -1.05059               0.02642               2.03742 
             -1.17773               0.03121               2.44504 
             -1.26886               0.03537               2.74645 
             -1.31238               0.03833               2.90505 
             -1.30600               0.03973               2.91141 
             -1.25768               0.03953               2.78709 
             -1.18249               0.03801               2.57604 
             -1.09721               0.03570               2.32889 
             -1.01580               0.03313               2.08933 
             -0.94745               0.03080               1.88729 
             -0.89674               0.02906               1.73890 
             -0.86490               0.02811               1.64986 
             -0.85118               0.02807               1.61939 
             -0.85381               0.02895               1.64322 
             -0.87049               0.03068               1.71524 
             -0.89864               0.03313               1.82815 
             -0.93539               0.03613               1.97343 
             -0.97751               0.03947               2.14112 
             -1.02141               0.04293               2.31969 
             -1.06325               0.04634               2.49619 
             -1.09915               0.04961               2.65711 
             -1.12565               0.05272               2.78969 
             -1.14025               0.05571               2.88399 
             -1.14203               0.05862               2.93492 
             -1.13185               0.06146               2.94345 
             -1.11212               0.06419               2.91619 
             -1.08612               0.06668               2.86333 
             -1.05706               0.06882               2.79576 
             -1.02752               0.07051               2.72273 
             -0.99915               0.07173               2.65079 
             -0.97281               0.07253               2.58379 
             -0.94875               0.07302               2.52350 
             -0.92682               0.07337               2.47027 
             -0.90665               0.07373               2.42341 
             -0.88763               0.07425               2.38134 
             -0.86900               0.07503               2.34167 
             -0.84987               0.07610               2.30135 
             -0.82931               0.07743               2.25695 
             -0.80648               0.07892               2.20509 
             -0.78076               0.08039               2.14314 
             -0.75189               0.08169               2.06990 
             -0.72012               0.08268               1.98648 
             -0.68630               0.08335               1.89687 
             -0.65174               0.08384               1.80791 
             -0.61802               0.08443               1.72863 
             -0.58663               0.08551               1.66890 
             -0.55857               0.08749               1.63762 
             -0.53400               0.09071               1.64091 
             -0.51206               0.09536               1.68037 
             -0.49089               0.10136               1.75182 
             -0.46796               0.10837               1.84492 
             -0.44057               0.11578               1.94407 
             -0.40660               0.12280               2.03085 
             -0.36517               0.12863               2.08779 
             -0.31703               0.13266               2.10281 
             -0.26437               0.13462               2.07260 
             -0.21016               0.13465               2.00399 
             -0.15724               0.13332               1.91249 
             -0.10752               0.13145               1.81847 
             -0.06160               0.12994               1.74278 
             -0.01877               0.12967               1.70333 
              0.02270               0.13131               1.71296 
              0.06513               0.13529               1.77841 
              0.11095               0.14173               1.89937 
              0.16211               0.15042               2.06721 
              0.21947               0.16070               2.26365 
              0.28212               0.17149               2.46096 
              0.34701               0.18142               2.62526 
              0.40930               0.18908               2.72391 
              0.46355               0.19338               2.73464 
              0.50545               0.19388               2.65236 
              0.53314               0.19085               2.48981 
              0.54757               0.18517               2.27221 
              0.55188               0.17801               2.02907 
              0.55026               0.17057               1.78720 
              0.54698               0.16386               1.56699 
              0.54585               0.15867               1.38172 
              0.54994               0.15555               1.23863 
              0.56168               0.15484               1.14051 
              0.58286               0.15675               1.08702 
              0.61474               0.16136               1.07558 
              0.65785               0.16858               1.10140 
              0.71174               0.17813               1.15723 
              0.77461               0.18945               1.23290 
              0.84289               0.20163               1.31496 
              0.91108               0.21338               1.38718 
              0.97202               0.22314               1.43216 
              1.01789               0.22928               1.43410 
              1.04170               0.23041               1.38213 
              1.03895               0.22569               1.27295 
              1.00881               0.21508               1.11168 
              0.95419               0.19930               0.91050 
              0.88089               0.17966               0.68537 
              0.79600               0.15772               0.45253 
              0.70638               0.13501               0.22562 
              0.61768               0.11276               0.01427 
              0.53386               0.09188              -0.17593 
              0.45726               0.07293              -0.34283 
              0.38894               0.05619              -0.48658 
              0.32904               0.04174              -0.60885 
              0.27716               0.02951              -0.71197 
              0.23260               0.01936              -0.79852 
              0.19455               0.01111              -0.87096 
              0.16219               0.00459              -0.93151 
              0.13480              -0.00041              -0.98202 
              0.11172              -0.00408              -1.02399 
              0.09235              -0.00664              -1.05872 
              0.07591              -0.00832              -1.08773 
              0.06183              -0.00934              -1.11209 
              0.04966              -0.00984              -1.13260 
              0.03942              -0.00989              -1.14919 
              0.03095              -0.00960              -1.16219 
              0.02405              -0.00904              -1.17201 
              0.01849              -0.00829              -1.17905 
              0.01406              -0.00745              -1.18371 
              0.01057              -0.00658              -1.18638 
              0.00786              -0.00572              -1.18745 
              0.00577              -0.00490              -1.18725 
              0.00417              -0.00414              -1.18612 
              0.00294              -0.00343              -1.18434 
              0.00196              -0.00277              -1.18214 
              0.00121              -0.00218              -1.17969 
              0.00063              -0.00164              -1.17711 
              0.00019              -0.00116              -1.17452 
             -0.00014              -0.00074              -1.17202 
             -0.00038              -0.00037              -1.16958 
             -0.00056              -0.00005              -1.16721 
             -0.00069               0.00025              -1.16487 
             -0.00079               0.00053              -1.16257 
             -0.00086               0.00078              -1.16028 
             -0.00091               0.00101              -1.15800 
             -0.00094               0.00123              -1.15572 
             -0.00096               0.00144              -1.15343 
             -0.00097               0.00163              -1.15115 
             -0.00097               0.00181              -1.14888 
             -0.00096               0.00197              -1.14665 
             -0.00094               0.00212              -1.14449 
             -0.00092               0.00226              -1.14244 
             -0.00090               0.00238              -1.14054 
             -0.00087               0.00248              -1.13883 
             -0.00083               0.00257              -1.13735 
             -0.00080               0.00264              -1.13613 
             -0.00076               0.00270              -1.13517 
             -0.00072               0.00274              -1.13448 
             -0.00068               0.00277              -1.13404 
             -0.00064               0.00279              -1.13379 
             -0.00059               0.00280              -1.13369 
             -0.00055               0.00281              -1.13367 
             -0.00051               0.00281              -1.13366 
             -0.00046               0.00282              -1.13359 
             -0.00042               0.00283              -1.13338 
             -0.00038               0.00286              -1.13298 
             -0.00033               0.00289              -1.13234 
             -0.00029               0.00295              -1.13142 
             -0.00025               0.00302              -1.13019 
             -0.00021               0.00311              -1.12864 
             -0.00017               0.00320              -1.12676 
             -0.00014               0.00331              -1.12455 
             -0.00010               0.00343              -1.12203 
             -0.00007               0.00354              -1.11923 
             -0.00004               0.00365              -1.11618 
             -0.00001               0.00375              -1.11293 
              0.00002               0.00384              -1.10954 
              0.00004               0.00392              -1.10604 
              0.00006               0.00398              -1.10252 
              0.00008               0.00403              -1.09901 
              0.00009               0.00407              -1.09558 
              0.00010               0.00409              -1.09226 
              0.00011               0.00411              -1.08911 
              0.00012               0.00412              -1.08613 
              0.00012               0.00413              -1.08334 
              0.00012               0.00413              -1.08075 
              0.00011               0.00412              -1.07836 
              0.00011               0.00412              -1.07614 
              0.00010               0.00411              -1.07409 
              0.00009               0.00410              -1.07217 
              0.00008               0.00409              -1.07038 
              0.00006               0.00408              -1.06869 
              0.00005               0.00406              -1.06709 
              0.00003               0.00405              -1.06555 
              0.00002               0.00403              -1.06409 
             -0.00000               0.00401              -1.06269 
             -0.00002               0.00399              -1.06135 
             -0.00004               0.00396              -1.06008 
             -0.00005               0.00394              -1.05888 
             -0.00007               0.00392              -1.05776 
             -0.00009               0.00389              -1.05673 
             -0.00011               0.00387              -1.05578 
             -0.00012               0.00385              -1.05491 
             -0.00014               0.00383              -1.05414 
             -0.00015               0.00382              -1.05344 
             -0.00017               0.00380              -1.55283 
             -0.00018               0.00379              -1.55231 
             -0.00019               0.00379              -1.55187 
             -0.00020               0.00378              -1.55151 
             -0.00021               0.00378              -1.55122 
             -0.00021               0.00378              -1.55100 
             -0.00022               0.00378              -1.55085 
             -0.00022               0.00379              -1.55078 
             -0.00022               0.00379              -1.55079 
             -0.00021               0.00381              -1.55090 
             -0.00021               0.00382              -1.55112 
             -0.00020               0.00384              -1.55147 
             -0.00020               0.00386              -1.55196 
             -0.00019               0.00388              -1.55262 
             -0.00018               0.00391              -1.55345 
             -0.00017               0.00394              -1.55447 
             -0.00016               0.00398              -1.55569 
             -0.00015               0.00402              -1.55711 
             -0.00014               0.00407              -1.55870 
             -0.00013               0.00411              -1.56046 
             -0.00012               0.00415              -1.56236 
             -0.00011               0.00420              -1.56435 
             -0.00010               0.00424              -1.56640 
             -0.00009               0.00427              -1.56845 
             -0.00008               0.00430              -1.57046 
             -0.00007               0.00432              -1.57237 
             -0.00006               0.00434              -1.57415 
             -0.00005               0.00434              -1.57574 
             -0.00004               0.00435              -1.57713 
             -0.00003               0.00435              -1.57830 
             -0.00003               0.00434              -1.57922 
             -0.00002               0.00434              -1.57992 
             -0.00002               0.00433              -1.58040 
             -0.00001               0.00433              -1.58070 
             -0.00001               0.00432              -1.58085 
             -0.00001               0.00432              -1.58090 
             -0.00001               0.00431              -1.58093 
             -0.00001               0.00431              -1.58101 
             -0.00002               0.00430              -1.58124 
             -0.00002               0.00429              -1.58170 
             -0.00003               0.00428              -1.58251 
             -0.00003               0.00425              -1.58377 
             -0.00004               0.00422              -1.58557 
             -0.00005               0.00417              -1.58799 
             -0.00006               0.00409              -1.59111 
             -0.00008               0.00397              -1.59497 
             -0.00009               0.00378              -1.59958 
             -0.00012               0.00350              -1.60492 
             -0.00019               0.00311              -1.61093 
             -0.00031               0.00256              -1.61748 
             -0.00046               0.00173              -1.62429 
             -0.00064               0.00047              -1.63102 
             -0.00086              -0.00140              -1.63717 
             -0.00115              -0.00416              -1.64198 
             -0.00158              -0.00828              -1.64445 
             -0.00219              -0.01436              -1.64313 
             -0.00311              -0.02331              -1.63600 
             -0.00449              -0.03644              -1.62038 
             -0.00644              -0.05552              -1.59244 
             -0.00905              -0.08260              -1.54801 
             -0.01275              -0.12263              -1.47720 
             -0.01825              -0.18347              -1.36512 
             -0.02637              -0.27600              -1.19273 
             -0.03825              -0.41589              -0.93472 
             -0.05462              -0.62477              -0.55842 
             -0.07601              -0.92871              -0.02951 
             -0.10163              -1.35163               0.67491 
             -0.12778              -1.89910               1.53871 
             -0.14674              -2.53288               2.47299 
             -0.14895              -3.15152               3.30116 
             -0.12829              -3.60616               3.80498 
             -0.08811              -3.76692               3.83359 
             -0.04113              -3.60190               3.40154 
             -0.00306              -3.19701               2.68288 
              0.01564              -2.69568               1.90078 
              0.01238              -2.21943               1.21848 
             -0.01159              -1.83162               0.70751 
             -0.05623              -1.54542               0.37436 
             -0.12583              -1.34683               0.19822 
             -0.23050              -1.21288               0.15598 
             -0.38749              -1.12099               0.23377 
             -0.62270              -1.05070               0.43135 
             -0.97125              -0.98308               0.76188 
             -1.47607              -0.90259               1.24657 
             -2.17945              -0.79683               1.90638 
             -3.10149              -0.65893               2.74422 
             -4.20285              -0.49268               3.71538 
             -5.34543              -0.31446               4.69865 
             -6.29403              -0.14970               5.49852 
             -6.80313              -0.02273               5.91189 
             -6.75476               0.05373               5.83591 
             -6.22641               0.08106               5.32686 
             -5.42620               0.06929               4.55664 
             -4.57159               0.03062               3.71817 
             -3.81164              -0.02457               2.95707 
             -3.21595              -0.08949               2.35408 
             -2.80020              -0.16156               1.94018 
             -2.55616              -0.24204               1.71994 
             -2.47197              -0.33520               1.68943 
             -2.54111              -0.44667               1.84477 
             -2.76228              -0.58120               2.18114 
             -3.13147              -0.73929               2.68338 
             -3.62695              -0.91286               3.31057 
             -4.19126              -1.08222               3.98102 
             -4.72221              -1.21743               4.57094 
             -5.08997              -1.28682               4.94067 
             -5.18423              -1.26996               4.98530 
             -4.96585              -1.16760               4.68081 
             -4.48359              -1.00134               4.09163 
             -3.84470              -0.80369               3.33613 
             -3.16582              -0.60557               2.53789 
             -2.53644              -0.42831               1.79158 
             -2.00694              -0.28197               1.15249 
             -1.59467              -0.16778               0.64271 
             -1.29675              -0.08176               0.26357 
             -1.10177              -0.01766               0.00688 
             -0.99755               0.03115              -0.13742 
             -0.97537               0.07049              -0.17741 
             -1.03161               0.10468              -0.11742 
             -1.16830               0.13639               0.04258 
             -1.39287               0.16690               0.30657 
             -1.71629               0.19671               0.68123 
             -2.14899               0.22604               1.17282 
             -2.69439               0.25529               1.78122 
             -3.33900               0.28527               2.49116 
             -4.04085               0.31747               3.26164 
             -4.72128               0.35448               4.01827 
             -5.27031               0.40044               4.65714 
             -5.57469               0.46034               5.06877 
             -5.56431               0.53645               5.17820 
             -5.24939               0.62352               4.97887 
             -4.71870               0.70738               4.53555 
             -4.09855               0.77040               3.95440 
             -3.50338               0.80001               3.34335 
             -3.00712               0.79373               2.78471 
             -2.64084               0.75751               2.32671 
             -2.40520               0.70050               1.98748 
             -2.28437               0.63075               1.76331 
             -2.25485               0.55332               1.63655 
             -2.28959               0.47116               1.58150 
             -2.35966               0.38685               1.56919 
             -2.43617               0.30363               1.57132 
             -2.49371               0.22540               1.56396 
             -2.51451               0.15590               1.53108 
             -2.49209               0.09746               1.46722 
             -2.43259               0.05059               1.37879 
             -2.35345               0.01413               1.28305 
             -2.27973              -0.01395               1.20546 
             -2.23949              -0.03585               1.17517 
             -2.25943              -0.05345               1.21991 
             -2.36085              -0.06792               1.36077 
             -2.55532              -0.08005               1.60615 
             -2.83889              -0.09041               1.94541 
             -3.18515              -0.09955               2.34322 
             -3.54069              -0.10814               2.73840 
             -3.82998              -0.11681               3.05269 
             -3.97590              -0.12586               3.21190 
             -3.93047              -0.13515               3.17260 
             -3.69603              -0.14437               2.93782 
             -3.32029              -0.15326               2.55170 
             -2.87139              -0.16171               2.07810 
             -2.41218              -0.16970               1.57873 
             -1.98630              -0.17715               1.10020 
             -1.61638              -0.18406               0.67051 
             -1.30870              -0.19056               0.30165 
             -1.05936              -0.19668              -0.00559 
             -0.85986              -0.20265              -0.25716 
             -0.70064              -0.20830              -0.46169 
             -0.57303              -0.21320              -0.62818 
             -0.47001              -0.21668              -0.76473 
             -0.38629              -0.21820              -0.87824 
             -0.31792              -0.21722              -0.97418 
             -0.26206              -0.21345              -1.05682 
             -0.21654              -0.20664              -1.12920 
             -0.17968              -0.19702              -1.19355 
             -0.15007              -0.18504              -1.25125 
             -0.12654              -0.17130              -1.30314 
             -0.10809              -0.15654              -1.34961 
             -0.09380              -0.14140              -1.39094 
             -0.08281              -0.12657              -1.42731 
             -0.07449              -0.11251              -1.45881 
             -0.06821              -0.09952              -1.48580 
             -0.06360              -0.08768              -1.50869 
             -0.06042              -0.07689              -1.52785 
             -0.05841              -0.06695              -1.54403 
             -0.05725              -0.05780              -1.55772 
             -0.05665              -0.04946              -1.56932 
             -0.05635              -0.04189              -1.57925 
             -0.05614              -0.03500              -1.58800 
             -0.05581              -0.02879              -1.59583 
             -0.05519              -0.02324              -1.60300 
             -0.05416              -0.01836              -1.60965 
             -0.05262              -0.01416              -1.61584 
             -0.05057              -0.01065              -1.62162 
             -0.04799              -0.00778              -1.62700 
             -0.04497              -0.00549              -1.63195 
             -0.04158              -0.00373              -1.63645 
             -0.03792              -0.00244              -1.64047 
             -0.03410              -0.00153              -1.64397 
             -0.03031              -0.00092              -1.64681 
             -0.02664              -0.00051              -1.64896 
             -0.02317              -0.00025              -1.65043 
             -0.01999              -0.00010              -1.65123 
             -0.01713              -0.00002              -1.65138 
             -0.01462               0.00001              -1.65097 
             -0.01244               0.00000              -1.65007 
             -0.01056              -0.00002              -1.64881 
             -0.00895              -0.00005              -1.64726 
             -0.00756              -0.00009              -1.64551 
             -0.00636              -0.00013              -1.64364 
             -0.00532              -0.00016              -1.64172 
             -0.00441              -0.00019              -1.63979 
             -0.00361              -0.00020              -1.63789 
             -0.00291              -0.00020              -1.63605 
             -0.00230              -0.00019              -1.63428 
             -0.00178              -0.00016              -1.63261 
             -0.00134              -0.00012              -1.63102 
             -0.00100              -0.00006              -1.62953 
             -0.00073               0.00002              -1.62814 
             -0.00054               0.00011              -1.62683 
             -0.00043               0.00023              -1.62560 
             -0.00039               0.00035              -1.62440 
             -0.00041               0.00050              -1.62322 
             -0.00049               0.00067              -1.62202 
             -0.00063               0.00087              -1.62077 
             -0.00084               0.00109              -1.61944 
             -0.00109               0.00133              -1.61799 
             -0.00140               0.00160              -1.61638 
             -0.00176               0.00189              -1.61461 
             -0.00217               0.00219              -1.61265 
             -0.00261               0.00250              -1.61055 
             -0.00309               0.00282              -1.60831 
             -0.00359               0.00314              -1.60597 
             -0.00411               0.00345              -1.60356 
             -0.00466               0.00376              -1.60111 
             -0.00522               0.00404              -1.59863 
             -0.00584               0.00431              -1.59605 
             -0.00650               0.00456              -1.59329 
             -0.00724               0.00480              -1.59028 
             -0.00806               0.00501              -1.58688 
             -0.00897               0.00520              -1.58297 
             -0.01002               0.00536              -1.57830 
             -0.01125               0.00549              -1.57265 
             -0.01264               0.00554              -1.56588 
             -0.01420               0.00550              -1.55780 
             -0.01590               0.00531              -1.54838 
             -0.01771               0.00493              -1.53769 
             -0.01952               0.00429              -1.52599 
             -0.02125               0.00335              -1.51373 
             -0.02275               0.00208              -1.50163 
             -0.02388               0.00046              -1.49049 
             -0.02452              -0.00145              -1.48128 
             -0.02458              -0.00356              -1.47493 
             -0.02400              -0.00571              -1.47222 
             -0.02281              -0.00770              -1.47360 
             -0.02110              -0.00935              -1.47904 
             -0.01902              -0.01051              -1.48807 
             -0.01673              -0.01111              -1.49979 
             -0.01440              -0.01117              -1.51308 
             -0.01216              -0.01077              -1.52683 
             -0.01012              -0.01003              -1.54005 
             -0.00832              -0.00910              -1.55204 
             -0.00680              -0.00812              -1.56224 
             -0.00556              -0.00719              -1.57043 
             -0.00459              -0.00638              -1.57668 
             -0.00386              -0.00571              -1.58117 
             -0.00335              -0.00522              -1.58402 
             -0.00302              -0.00492              -1.58548 
             -0.00286              -0.00481              -1.58572 
             -0.00286              -0.00489              -1.58490 
             -0.00301              -0.00519              -1.58297 
             -0.00332              -0.00573              -1.57987 
             -0.00378              -0.00654              -1.57554 
             -0.00440              -0.00764              -1.56980 
             -0.00518              -0.00908              -1.56258 
             -0.00609              -0.01088              -1.55401 
             -0.00707              -0.01307              -1.54439 
             -0.00803              -0.01563              -1.53434 
             -0.00882              -0.01847              -1.52481 
             -0.00932              -0.02141              -1.51691 
             -0.00942              -0.02422              -1.51176 
             -0.00905              -0.02664              -1.51014 
             -0.00828              -0.02846              -1.51231 
             -0.00721              -0.02955              -1.51796 
             -0.00603              -0.02990              -1.52625 
             -0.00489              -0.02963              -1.53612 
             -0.00395              -0.02894              -1.54649 
             -0.00331              -0.02804              -1.55650 
             -0.00300              -0.02711              -1.56553 
             -0.00304              -0.02630              -1.57322 
             -0.00343              -0.02572              -1.57932 
             -0.00421              -0.02544              -1.58365 
             -0.00539              -0.02554              -1.58596 
             -0.00706              -0.02608              -1.58594 
             -0.00929              -0.02711              -1.58315 
             -0.01226              -0.02865              -1.57695 
             -0.01615              -0.03079              -1.56658 
             -0.02130              -0.03352              -1.55099 
             -0.02822              -0.03669              -1.52887 
             -0.03749              -0.04005              -1.49903 
             -0.04991              -0.04336              -1.45980 
             -0.06627              -0.04638              -1.40974 
             -0.08726              -0.04879              -1.34815 
             -0.11403              -0.05002              -1.27404 
             -0.14713              -0.04986              -1.18809 
             -0.18645              -0.04814              -1.09228 
             -0.23088              -0.04536              -0.99007 
             -0.27818              -0.04246              -0.88684 
             -0.32510              -0.04100              -0.78857 
             -0.36841              -0.04267              -0.70043 
             -0.40612              -0.04863              -0.62510 
             -0.43818              -0.05912              -0.56176 
             -0.46629              -0.07344              -0.50696 
             -0.49269              -0.09048              -0.45648 
             -0.51896              -0.10885              -0.40796 
             -0.54525              -0.12717              -0.36214 
             -0.57013              -0.14406              -0.32256 
             -0.59105              -0.15819              -0.29417 
             -0.60541              -0.16855              -0.28122 
             -0.61139              -0.17465              -0.28548 
             -0.60895              -0.17667              -0.30540 
             -0.59974              -0.17465              -0.33619 
             -0.58661              -0.16892              -0.37186 
             -0.57262              -0.15998              -0.40632 
             -0.56044              -0.14837              -0.43452 
             -0.55230              -0.13465              -0.45257 
             -0.55013              -0.11959              -0.45715 
             -0.55590              -0.10375              -0.44434 
             -0.57201              -0.08773              -0.40921 
             -0.60175              -0.07180              -0.34497 
             -0.64960              -0.05596              -0.24270 
             -0.72174              -0.03987              -0.09082 
             -0.82651              -0.02272               0.12503 
             -0.97482              -0.00324               0.42206 
             -1.18024               0.01949               0.81867 
             -1.45791               0.04506               1.33031 
             -1.81977               0.07010               1.95897 
             -2.25935               0.08814               2.67369 
             -2.72280               0.09363               3.38344 
             -3.08926               0.08969               3.93292 
             -3.22196               0.09254               4.17343 
             -3.07854               0.12094               4.07394 
             -2.73599               0.18234               3.73091 
             -2.30336               0.27202               3.27483 
             -1.85673               0.37896               2.80107 
             -1.43763               0.48927               2.36081 
             -1.06857               0.58799               1.97462 
             -0.76057               0.66254               1.64709 
             -0.51428               0.70950               1.37906 
             -0.32086               0.73827               1.17494 
             -0.16510               0.76586               1.04338 
             -0.03016               0.80667               0.99185 
              0.09985               0.86571               1.02241 
              0.23945               0.93771               1.13013 
              0.40196               1.00967               1.30438 
              0.59879               1.06621               1.53015 
              0.83381               1.09478               1.78751 
              1.09688               1.08785               2.04795 
              1.35824               1.04120               2.26936 
              1.57232               0.95489               2.40225 
              1.69909               0.83651               2.41287 
              1.73201               0.70439               2.31266 
              1.70050               0.58116               2.15332 
              1.64171               0.48110               1.98585 
              1.57695               0.40376               1.83163 
              1.50916               0.33803               1.69000 
              1.43237               0.27320               1.55915 
              1.34219               0.20381               1.44668 
              1.24067               0.12735               1.36510 
              1.13317               0.04204               1.32431 
              1.02278              -0.05184               1.32809 
              0.90755              -0.14823               1.37491 
              0.78085              -0.23493               1.46315 
              0.63156              -0.30603               1.60368 
              0.44201              -0.38122               1.83211 
              0.18666              -0.50312               2.20005 
             -0.15832              -0.69570               2.73463 
             -0.58367              -0.91460               3.38965 
             -1.00385              -1.06247               4.04093 
             -1.29267              -1.10052               4.57324 
             -1.43831              -1.10566               4.98144 
             -1.55539              -1.17199               5.30903 
             -1.68880              -1.29447               5.49672 
             -1.75943              -1.37119               5.41459 
             -1.70379              -1.31554               5.03374 
             -1.54958              -1.12306               4.46140 
             -1.35252              -0.83888               3.82827 
             -1.14384              -0.53112               3.21526 
             -0.93530              -0.28090               2.65487 
             -0.73348              -0.14720               2.15721 
             -0.54339              -0.13222               1.73434 
             -0.36935              -0.19388               1.40358 
             -0.21629              -0.28310               1.17366 
             -0.09045              -0.36045               1.03355 
              0.00215              -0.39052               0.95270 
              0.05531              -0.34545               0.89576 
              0.06107              -0.22738               0.84641 
              0.01131              -0.07239               0.81419 
             -0.09323               0.07545               0.81858 
             -0.24038               0.18148               0.87094 
             -0.41622               0.22076               0.97094 
             -0.61520               0.18260               1.11901 
             -0.84310               0.07695               1.33321 
             -1.11691              -0.07416               1.64828 
             -1.46371              -0.25154               2.09570 
             -1.91279              -0.44324               2.67990 
             -2.46981              -0.64136               3.35410 
             -3.07423              -0.83894               4.00779 
             -3.59854              -1.02126               4.50083 
             -3.92724              -1.14881               4.73578 
             -4.00851              -1.15879               4.68802 
             -3.84536              -1.00556               4.38965 
             -3.49267              -0.71328               3.91309 
             -3.04372              -0.39298               3.33587 
             -2.59476              -0.17326               2.71546 
             -2.20919              -0.08593               2.10821 
             -1.90579              -0.06797               1.57171 
             -1.67506              -0.05931               1.13264 
             -1.49646              -0.04236               0.78239 
             -1.35024              -0.02062               0.49852 
             -1.22240               0.00216               0.26093 
             -1.10424               0.02608               0.05611 
             -0.99051               0.05193              -0.12424 
             -0.87912               0.07951              -0.28443 
             -0.77134               0.10803              -0.42492 
             -0.67053               0.13663              -0.54426 
             -0.58003               0.16425              -0.64168 
             -0.50186               0.19050              -0.71816 
             -0.43576               0.21403              -0.77693 
             -0.37989               0.23320              -0.82288 
             -0.33202               0.24626              -0.86246 
             -0.28987               0.25143              -0.90149 
             -0.25190               0.24767              -0.94481 
             -0.21754               0.23526              -0.99500 
             -0.18690               0.21576              -1.05193 
             -0.16036               0.19202              -1.11278 
             -0.13815               0.16747              -1.17299 
             -0.12028               0.14540              -1.22747 
             -0.10622               0.12851              -1.27191 
             -0.09513               0.11848              -1.30304 
             -0.08619               0.11588              -1.31939 
             -0.07852               0.12061              -1.32077 
             -0.07152               0.13221              -1.30758 
             -0.06443               0.15008              -1.28091 
             -0.05645               0.17349              -1.24205 
             -0.04684               0.20249              -1.19181 
             -0.03433               0.23747              -1.13038 
             -0.01794               0.27901              -1.05761 
              0.00238               0.32687              -0.97368 
              0.02558               0.37931              -0.88048 
              0.04937               0.43238              -0.78282 
              0.07110               0.48112              -0.68734 
              0.08902               0.52135              -0.60135 
              0.10346               0.55225              -0.52899 
              0.11574               0.57747              -0.46852 
              0.12618               0.60392              -0.41231 
              0.13341               0.63699              -0.35240 
              0.13537               0.67593              -0.28866 
              0.13122               0.71149              -0.23322 
              0.12305               0.72840              -0.20932 
              0.11497               0.71157              -0.24184 
              0.11000               0.65542              -0.34237 
              0.10779               0.56903              -0.49830 
              0.10573               0.47119              -0.67874 
              0.10170               0.37897              -0.85312 
              0.09586               0.30170              -1.00270 
              0.08941               0.24093              -1.12175 
              0.08352               0.19419              -1.21269 
              0.07887               0.15805              -1.28115 
              0.07564               0.12950              -1.33281 
              0.07361               0.10633              -1.37229 
              0.07237               0.08717              -1.40313 
              0.07156               0.07116              -1.42787 
              0.07079               0.05791              -1.44840 
              0.06963               0.04718              -1.46608 
              0.06779               0.03875              -1.48171 
              0.06524               0.03246              -1.49541 
              0.06201               0.02813              -1.50720 
              0.05828               0.02556              -1.51673 
              0.05432               0.02467              -1.52363 
              0.05030               0.02534              -1.52747 
              0.04639               0.02751              -1.52788 
              0.04270               0.03128              -1.52459 
              0.03931               0.03688              -1.51735 
              0.03624               0.04464              -1.50602 
              0.03348               0.05496              -1.49063 
              0.03107               0.06822              -1.47125 
              0.02896               0.08471              -1.44808 
              0.02712               0.10426              -1.42195 
              0.02562               0.12609              -1.39427 
              0.02445               0.14873              -1.36689 
              0.02352               0.17028              -1.34196 
              0.02279               0.18884              -1.32140 
              0.02215               0.20298              -1.30656 
              0.02158               0.21217              -1.29781 
              0.02116               0.21651              -1.29489 
              0.02117               0.21654              -1.29683 
              0.02169               0.21319              -1.30199 
              0.02269               0.20726              -1.30876 
              0.02410               0.19936              -1.31593 
              0.02569               0.18971              -1.32320 
              0.02715               0.17842              -1.33092 
              0.02816               0.16561              -1.33995 
              0.02851               0.15167              -1.35112 
              0.02804               0.13742              -1.36476 
              0.02699               0.12384              -1.38040 
              0.02570               0.11191              -1.39707 
              0.02459               0.10242              -1.41349 
              0.02400               0.09579              -1.42845 
              0.02416               0.09205              -1.44121 
              0.02507               0.09117              -1.45082 
              0.02660               0.09300              -1.45663 
              0.02898               0.09739              -1.45761 
              0.03237               0.10411              -1.45292 
              0.03703               0.11283              -1.44192 
              0.04336               0.12304              -1.42434 
              0.05169               0.13393              -1.40051 
              0.06216               0.14436              -1.37195 
              0.07433               0.15323              -1.34097 
              0.08683               0.15961              -1.31066 
              0.09761               0.16314              -1.28455 
              0.10414               0.16453              -1.26548 
              0.10419               0.16562              -1.25425 
              0.09678               0.16866              -1.24976 
              0.08273               0.17522              -1.24981 
              0.06448               0.18510              -1.25259 
              0.04535               0.19588              -1.25830 
              0.02849               0.20357              -1.26918 
              0.01587               0.20456              -1.28786 
              0.00793               0.19753              -1.31492 
              0.00383               0.18416              -1.34764 
              0.00217               0.16807              -1.38124 
              0.00175               0.15303              -1.41097 
              0.00178               0.14156              -1.43391 
              0.00190               0.13491              -1.44839 
              0.00211               0.13313              -1.45432 
              0.00258               0.13530              -1.45268 
              0.00356               0.14003              -1.44495 
              0.00541               0.14569              -1.43273 
              0.00845               0.15088              -1.41721 
              0.01309               0.15462              -1.39866 
              0.01965               0.15668              -1.37666 
              0.02830               0.15756              -1.34935 
              0.03908               0.15830              -1.31413 
              0.05200               0.16016              -1.26830 
              0.06695               0.16439              -1.20972 
              0.08362               0.17194              -1.13746 
              0.10137               0.18325              -1.05303 
              0.11914               0.19765              -0.96211 
              0.13521               0.21250              -0.87640 
              0.14692               0.22254              -0.81356 
              0.15115               0.22135              -0.79158 
              0.14630               0.20552              -0.81780 
              0.13376               0.17855              -0.88166 
              0.11756               0.14897              -0.96059 
              0.10167               0.12498              -1.03287 
              0.08842               0.11130              -1.08488 
              0.07859               0.10921              -1.11093 
              0.07180               0.11774              -1.11135 
              0.06788               0.13543              -1.08873 
              0.06710               0.16073              -1.04663 
              0.07009               0.19268              -0.98797 
              0.07780               0.23071              -0.91500 
              0.09066               0.27409              -0.82964 
              0.10693               0.32094              -0.73581 
              0.12208               0.36577              -0.64440 
              0.12890               0.39869              -0.57376 
              0.12154               0.40937              -0.54126 
              0.09963               0.39508              -0.54686 
              0.06835               0.36316              -0.56947 
              0.03292               0.32508              -0.58082 
             -0.00583               0.28860              -0.55956 
             -0.05020               0.25606              -0.49534 
             -0.10246               0.22546              -0.38810 
             -0.16149               0.19190              -0.24807 
             -0.22061               0.14913              -0.09588 
             -0.26836               0.09247               0.04396 
             -0.29307               0.02226               0.15563 
             -0.28968              -0.05574               0.23875 
             -0.26251              -0.13262               0.29924 
             -0.22115              -0.19830               0.33489 
             -0.17426              -0.24284               0.33204 
             -0.12928              -0.26161               0.28224 
             -0.09227              -0.25778               0.19382 
             -0.06421              -0.23653               0.08117 
             -0.04002              -0.20019              -0.04670 
             -0.01524              -0.15252              -0.17719 
              0.00913              -0.10235              -0.28709 
              0.02976              -0.05950              -0.35263 
              0.04510              -0.03035              -0.36161 
              0.05570              -0.01767              -0.31530 
              0.06192              -0.02306              -0.22412 
              0.06299              -0.04806              -0.10288 
              0.05741              -0.09417               0.03495 
              0.04493              -0.16246               0.18098 
              0.02799              -0.25279               0.33119 
              0.01265              -0.35758               0.47615 
              0.00952              -0.45174               0.59051 
              0.03087              -0.49514               0.64433 
              0.08284              -0.45901               0.63487 
              0.16161              -0.34543               0.59920 
              0.25582              -0.18029               0.59263 
              0.34758               0.00017               0.65605 
              0.41147               0.15338               0.79060 
              0.42033               0.22992               0.95337 
              0.36283               0.18666               1.08470 
              0.25642               0.02264               1.15269 
              0.13920              -0.20151               1.17095 
              0.05042              -0.39843               1.17567 
              0.01605              -0.50849               1.19719 
              0.04268              -0.52035               1.25617 
              0.11860              -0.45715               1.36649 
              0.21993              -0.35423               1.53151 
              0.32026              -0.24445               1.73828 
              0.39929              -0.15544               1.95652 
              0.44358              -0.11415               2.13972 
              0.44073              -0.14755               2.23489 
              0.38229              -0.26715               2.22119 
              0.27603              -0.45348               2.14593 
              0.14865              -0.65889               2.07939 
              0.04378              -0.80113               2.00999 
              0.00069              -0.79581               1.84815 
              0.00453              -0.66548               1.59693 
              0.00512              -0.51611               1.37163 
             -0.02321              -0.40945               1.24790 
             -0.07800              -0.34712               1.22947 
             -0.14733              -0.31101               1.29295 
             -0.21734              -0.28359               1.41000 
             -0.27378              -0.25208               1.54973 
             -0.30581              -0.20960               1.68326 
             -0.31012              -0.15632               1.79385 
             -0.29052              -0.09603               1.88668 
             -0.25326              -0.02985               1.99060 
             -0.20297               0.04941               2.14666 
             -0.14160               0.15541               2.37473 
             -0.07097               0.28742               2.62996 
              0.00047               0.39768               2.81279 
              0.05552               0.41622               2.86968 
              0.08115               0.32309               2.83459 
              0.08448               0.15564               2.73773 
              0.09171              -0.02723               2.57243 
              0.12573              -0.19169               2.34472 
              0.19308              -0.33669               2.08546 
              0.29219              -0.44613               1.81460 
              0.41593              -0.49097               1.53917 
              0.54806              -0.47687               1.29243 
              0.67028              -0.44087               1.12522 
              0.77038              -0.41455               1.06380 
              0.84345              -0.41079               1.10195 
              0.88995              -0.42925               1.21508 
              0.91188              -0.46387               1.37241 
              0.91106              -0.50971               1.54321 
              0.89154              -0.55973               1.69419 
              0.86554              -0.59506               1.78197 
              0.85319              -0.58938               1.76748 
              0.87078              -0.53607               1.65579 
              0.92064              -0.45716               1.50256 
              0.99297              -0.37479               1.36864 
              1.07089              -0.29168               1.28324 
              1.13522              -0.20373               1.24345 
              1.17087              -0.12590               1.22933 
              1.17351              -0.09760               1.21881 
              1.15418              -0.14783               1.19432 
              1.13430              -0.24610               1.13917 
              1.12787              -0.31031               1.04030 
              1.12338              -0.28225               0.91501 
              1.08879              -0.17576               0.80650 
              0.99753              -0.03400               0.74507 
              0.84776               0.11178               0.73765 
              0.65903               0.23817               0.77843 
              0.45604               0.31793               0.85218 
              0.25673               0.32704               0.93941 
              0.07319               0.26769               1.02500 
             -0.08279               0.17541               1.09900 
             -0.20020               0.09148               1.14915 
             -0.27584               0.03192               1.15724 
             -0.31709              -0.00435               1.10695 
             -0.33512              -0.01142               0.99777 
             -0.33645               0.01884               0.85267 
             -0.32444               0.08075               0.70559 
             -0.30419               0.15910               0.58349 
             -0.28442               0.24255               0.50104 
             -0.27619               0.32942               0.46544 
             -0.28984               0.42312               0.47913 
             -0.33306               0.52649               0.54001 
             -0.40951               0.63702               0.63985 
             -0.51460               0.74384               0.76000 
             -0.62723               0.82416               0.86004 
             -0.70960               0.84618               0.87596 
             -0.72764               0.79173               0.75623 
             -0.67723               0.67836               0.50930 
             -0.58333               0.54652               0.19607 
             -0.47613               0.42865              -0.11948 
             -0.37634               0.33763              -0.39995 
             -0.29407               0.27277              -0.63120 
             -0.23213               0.22894              -0.81137 
             -0.18887               0.20073              -0.94482 
             -0.16068               0.18473              -1.03856 
             -0.14267               0.17840              -1.09935 
             -0.13111               0.18069              -1.13373 
